time[s],value[g],targetTime[g],target[g]
3.0040740966796875e-05,41.0,0.0,100.0
0.08373498916625977,41.0,0.1,100.0
0.1725907325744629,46.0,0.2,100.0
0.25724077224731445,46.0,0.3,100.0
0.34525299072265625,55.0,0.4,100.0
0.42922496795654297,55.0,0.5,100.0
0.5163359642028809,58.0,0.6,100.0
0.6165008544921875,58.0,0.7,100.0
0.7172949314117432,57.0,0.8,100.0
0.8174588680267334,69.0,0.9,100.0
0.9174857139587402,76.0,1.0,100.0
1.0167207717895508,77.0,1.1,100.0
1.11643385887146,80.0,1.2,100.0
1.2175559997558594,85.0,1.3,100.0
1.3187980651855469,88.0,1.4,100.0
1.4170608520507812,93.0,1.5,100.0
1.517244815826416,98.0,1.6,100.0
1.6185729503631592,101.0,1.7,100.0
1.7167997360229492,104.0,1.8,100.0
1.8173809051513672,93.0,1.9,100.0
1.9185819625854492,82.0,2.0,100.0
2.01657772064209,84.0,2.1,100.0
2.1172659397125244,79.0,2.2,100.0
2.218538761138916,79.0,2.3,100.0
2.317699909210205,80.0,2.4,100.0
2.41733980178833,84.0,2.5,100.0
2.518436908721924,95.0,2.6,100.0
2.616370916366577,103.0,2.7,100.0
2.717223882675171,103.0,2.8,100.0
2.818479061126709,106.0,2.9,100.0
2.9172089099884033,109.0,3.0,100.0
3.017190933227539,98.0,3.1,100.0
3.1171839237213135,106.0,3.2,100.0
3.2171828746795654,104.0,3.3,100.0
3.316309928894043,104.0,3.4,100.0
3.4171838760375977,104.0,3.5,100.0
3.517181873321533,106.0,3.6,100.0
3.616238832473755,106.0,3.7,100.0
3.716343879699707,107.0,3.8,100.0
3.8170478343963623,106.0,3.9,100.0
3.916339874267578,109.0,4.0,100.0
4.018221855163574,109.0,4.1,100.0
4.116276741027832,109.0,4.2,100.0
4.216249942779541,109.0,4.3,100.0
4.317178726196289,109.0,4.4,100.0
4.417174816131592,109.0,4.5,100.0
4.516304969787598,109.0,4.6,100.0
4.618222713470459,107.0,4.7,100.0
4.716346740722656,109.0,4.8,100.0
4.816333770751953,109.0,4.9,100.0
4.9186718463897705,109.0,5.0,100.0
5.0162858963012695,107.0,5.1,100.0
5.117235898971558,106.0,5.2,100.0
5.216361999511719,106.0,5.3,100.0
5.317197799682617,107.0,5.4,100.0
5.416412830352783,106.0,5.5,100.0
5.51814603805542,107.0,5.6,100.0
5.617197036743164,106.0,5.7,100.0
5.716388940811157,107.0,5.8,100.0
5.8165929317474365,107.0,5.9,100.0
5.916408061981201,107.0,6.0,100.0
6.01716685295105,107.0,6.1,100.0
6.116407871246338,107.0,6.2,100.0
6.216437816619873,107.0,6.3,100.0
6.316565036773682,109.0,6.4,100.0
6.416305065155029,107.0,6.5,100.0
6.51716685295105,107.0,6.6,100.0
6.61716890335083,109.0,6.7,100.0
6.716465950012207,109.0,6.8,100.0
6.816929817199707,109.0,6.9,100.0
6.916489839553833,109.0,7.0,100.0
7.0162858963012695,109.0,7.1,100.0
7.1162919998168945,109.0,7.2,100.0
7.21712589263916,109.0,7.3,100.0
7.317054748535156,109.0,7.4,100.0
7.416250944137573,109.0,7.5,100.0
7.5162577629089355,109.0,7.6,100.0
7.616579055786133,109.0,7.7,100.0
7.71658992767334,109.0,7.8,100.0
7.816612720489502,109.0,7.9,100.0
7.916571855545044,109.0,8.0,100.0
8.017106056213379,107.0,8.1,100.0
8.117179870605469,109.0,8.2,100.0
8.216569900512695,109.0,8.3,100.0
8.317108869552612,107.0,8.4,100.0
8.417597770690918,109.0,8.5,100.0
8.516738891601562,107.0,8.6,100.0
8.616584777832031,109.0,8.7,100.0
8.716709852218628,107.0,8.8,100.0
8.816577911376953,109.0,8.9,100.0
8.916348934173584,109.0,9.0,100.0
9.016193866729736,109.0,9.1,100.0
9.118361949920654,115.0,9.2,100.0
9.216182947158813,120.0,9.3,100.0
9.316213846206665,121.0,9.4,100.0
9.418307781219482,128.0,9.5,100.0
9.516631841659546,128.0,9.6,100.0
9.617098808288574,129.0,9.7,100.0
9.716819763183594,134.0,9.8,100.0
9.816909790039062,132.0,9.9,100.0
9.91624402999878,132.0,10.0,100.0
10.018373012542725,134.0,10.1,100.0
10.117090940475464,128.0,10.2,100.0
10.216760873794556,128.0,10.3,100.0
10.316819906234741,129.0,10.4,100.0
10.416186809539795,129.0,10.5,100.0
10.516433715820312,125.0,10.6,100.0
10.616850852966309,125.0,10.7,100.0
10.716748714447021,125.0,10.8,100.0
10.817093849182129,125.0,10.9,100.0
10.91626501083374,125.0,11.0,100.0
11.016798973083496,123.0,11.1,100.0
11.117300987243652,125.0,11.2,100.0
11.21743893623352,125.0,11.3,100.0
11.317164897918701,123.0,11.4,100.0
11.417665004730225,125.0,11.5,100.0
11.518947839736938,123.0,11.6,100.0
11.616610050201416,123.0,11.7,101.0
11.716538906097412,123.0,11.8,102.0
11.816362857818604,123.0,11.9,103.0
11.916224002838135,123.0,12.0,104.0
12.017076969146729,123.0,12.1,105.0
12.11684799194336,123.0,12.2,106.0
12.217164993286133,123.0,12.3,107.0
12.316953897476196,121.0,12.4,108.0
12.417444944381714,123.0,12.5,109.0
12.516116857528687,121.0,12.6,110.0
12.616278886795044,123.0,12.7,111.0
12.716903924942017,121.0,12.8,112.0
12.816537857055664,121.0,12.9,113.0
12.917067050933838,123.0,13.0,114.0
13.016938924789429,123.0,13.1,115.0
13.116474866867065,123.0,13.2,116.0
13.216848850250244,121.0,13.3,117.0
13.317101955413818,123.0,13.4,118.0
13.416554927825928,123.0,13.5,119.0
13.516798973083496,123.0,13.6,120.0
13.616108894348145,123.0,13.7,121.0
13.716121912002563,125.0,13.8,122.0
13.81709098815918,128.0,13.9,123.0
13.916298866271973,129.0,14.0,124.0
14.016751766204834,131.0,14.1,125.0
14.116809844970703,136.0,14.2,126.0
14.216256856918335,137.0,14.3,127.0
14.316133975982666,145.0,14.4,128.0
14.417046070098877,148.0,14.5,129.0
14.518364906311035,156.0,14.6,130.0
14.616538047790527,156.0,14.7,130.0
14.716302871704102,159.0,14.8,130.0
14.818395853042603,159.0,14.9,130.0
14.916374921798706,156.0,15.0,130.0
15.017055988311768,159.0,15.1,130.0
15.11646294593811,154.0,15.2,130.0
15.21702790260315,156.0,15.3,130.0
15.316102981567383,158.0,15.4,130.0
15.41628384590149,159.0,15.5,130.0
15.516867876052856,154.0,15.6,130.0
15.61673879623413,153.0,15.7,130.0
15.716196060180664,148.0,15.8,130.0
15.816981792449951,147.0,15.9,130.0
15.91684889793396,147.0,16.0,130.0
16.016809940338135,145.0,16.1,130.0
16.117011070251465,145.0,16.2,130.0
16.216667890548706,166.0,16.3,130.0
16.316207885742188,143.0,16.4,130.0
16.416988849639893,143.0,16.5,130.0
16.51678991317749,143.0,16.6,130.0
16.61692476272583,143.0,16.7,130.0
16.716320991516113,143.0,16.8,130.0
16.816054821014404,143.0,16.9,130.0
16.916839838027954,143.0,17.0,130.0
17.01613187789917,142.0,17.1,130.0
17.116951942443848,140.0,17.2,130.0
17.216299057006836,140.0,17.3,130.0
17.31714677810669,140.0,17.4,130.0
17.41678786277771,139.0,17.5,130.0
17.51931095123291,140.0,17.6,130.0
17.61645793914795,142.0,17.7,131.0
17.716538906097412,140.0,17.8,132.0
17.816189765930176,140.0,17.9,133.0
17.91652774810791,140.0,18.0,134.0
18.017037868499756,140.0,18.1,135.0
18.1163809299469,142.0,18.2,136.0
18.216232776641846,142.0,18.3,137.0
18.316128730773926,142.0,18.4,138.0
18.418416023254395,143.0,18.5,139.0
18.516998767852783,142.0,18.6,140.0
18.61720895767212,147.0,18.7,141.0
18.71880793571472,150.0,18.8,142.0
18.81666374206543,151.0,18.9,143.0
18.916321754455566,153.0,19.0,144.0
19.016888856887817,154.0,19.1,145.0
19.116942882537842,156.0,19.2,146.0
19.216026782989502,161.0,19.3,147.0
19.316683769226074,159.0,19.4,148.0
19.416382789611816,158.0,19.5,149.0
19.516665935516357,159.0,19.6,150.0
19.616333961486816,159.0,19.7,151.0
19.71699571609497,161.0,19.8,152.0
19.816699981689453,159.0,19.9,153.0
19.918758869171143,158.0,20.0,154.0
20.016441822052002,158.0,20.1,155.0
20.11696195602417,158.0,20.2,156.0
20.216969966888428,158.0,20.3,157.0
20.31691884994507,158.0,20.4,158.0
20.41662073135376,159.0,20.5,159.0
20.51630187034607,158.0,20.6,160.0
20.616942882537842,159.0,20.7,160.0
20.716684818267822,159.0,20.8,160.0
20.81660294532776,159.0,20.9,160.0
20.91599988937378,159.0,21.0,160.0
21.016944885253906,159.0,21.1,160.0
21.116007804870605,159.0,21.2,160.0
21.2166748046875,159.0,21.3,160.0
21.316226959228516,159.0,21.4,160.0
21.4163339138031,159.0,21.5,160.0
21.516326904296875,161.0,21.6,160.0
21.616570949554443,159.0,21.7,160.0
21.716604948043823,159.0,21.8,160.0
21.816734790802002,161.0,21.9,160.0
21.916627883911133,161.0,22.0,160.0
22.016040802001953,161.0,22.1,160.0
22.11708974838257,161.0,22.2,160.0
22.216848850250244,161.0,22.3,160.0
22.31685972213745,161.0,22.4,160.0
22.41643190383911,161.0,22.5,160.0
22.51703190803528,161.0,22.6,160.0
22.618589878082275,162.0,22.7,160.0
22.716630935668945,162.0,22.8,160.0
22.81664276123047,162.0,22.9,160.0
22.91636371612549,162.0,23.0,160.0
23.016891956329346,162.0,23.1,160.0
23.11687994003296,164.0,23.2,160.0
23.218324899673462,167.0,23.3,160.0
23.316524028778076,172.0,23.4,160.0
23.41650104522705,177.0,23.5,160.0
23.516725063323975,178.0,23.6,160.0
23.616906881332397,184.0,23.7,161.0
23.716903924942017,189.0,23.8,162.0
23.81696391105652,188.0,23.9,163.0
23.916966915130615,189.0,24.0,164.0
24.0168879032135,191.0,24.1,165.0
24.116655826568604,189.0,24.2,166.0
24.216266870498657,180.0,24.3,167.0
24.316515922546387,188.0,24.4,168.0
24.415949821472168,181.0,24.5,169.0
24.51681900024414,177.0,24.6,170.0
24.616857051849365,177.0,24.7,171.0
24.7168550491333,178.0,24.8,172.0
24.81605887413025,178.0,24.9,173.0
24.916878938674927,178.0,25.0,174.0
25.016661882400513,178.0,25.1,175.0
25.115954875946045,177.0,25.2,176.0
25.216392993927002,177.0,25.3,177.0
25.317067861557007,177.0,25.4,178.0
25.41681480407715,177.0,25.5,179.0
25.516164779663086,177.0,25.6,180.0
25.616512775421143,195.0,25.7,181.0
25.715974807739258,175.0,25.8,182.0
25.81684684753418,177.0,25.9,183.0
25.918415069580078,175.0,26.0,184.0
26.016308784484863,175.0,26.1,185.0
26.116666793823242,177.0,26.2,186.0
26.216562747955322,177.0,26.3,187.0
26.316077947616577,177.0,26.4,188.0
26.416868925094604,177.0,26.5,189.0
26.516373872756958,175.0,26.6,190.0
26.616639852523804,177.0,26.7,190.0
26.716572761535645,177.0,26.8,190.0
26.816905975341797,177.0,26.9,190.0
26.915839910507202,177.0,27.0,190.0
27.01661777496338,175.0,27.1,190.0
27.116117000579834,177.0,27.2,190.0
27.216532945632935,177.0,27.3,190.0
27.31684684753418,177.0,27.4,190.0
27.417253971099854,177.0,27.5,190.0
27.51653289794922,178.0,27.6,190.0
27.61650800704956,178.0,27.7,190.0
27.71607494354248,178.0,27.8,190.0
27.816303730010986,180.0,27.9,190.0
27.91652202606201,181.0,28.0,190.0
28.01636290550232,188.0,28.1,190.0
28.116184949874878,205.0,28.2,190.0
28.216562747955322,203.0,28.3,190.0
28.316898822784424,208.0,28.4,190.0
28.41679096221924,214.0,28.5,190.0
28.51696491241455,216.0,28.6,190.0
28.61657691001892,211.0,28.7,190.0
28.716790914535522,249.0,28.8,190.0
28.816834926605225,213.0,28.9,190.0
28.916554927825928,213.0,29.0,190.0
29.016765832901,208.0,29.1,190.0
29.11629295349121,202.0,29.2,190.0
29.216771841049194,199.0,29.3,190.0
29.315885066986084,200.0,29.4,190.0
29.41648578643799,200.0,29.5,190.0
29.516422748565674,199.0,29.6,190.0
29.61680293083191,195.0,29.7,191.0
29.716447830200195,194.0,29.8,192.0
29.81685781478882,194.0,29.9,193.0
29.91632890701294,192.0,30.0,194.0
30.015968799591064,192.0,30.1,195.0
30.11642599105835,189.0,30.2,196.0
30.216715812683105,191.0,30.3,197.0
30.315836906433105,189.0,30.4,198.0
30.417001724243164,191.0,30.5,199.0
30.516414880752563,194.0,30.6,200.0
30.616500854492188,192.0,30.7,201.0
30.71674084663391,191.0,30.8,202.0
30.81585693359375,192.0,30.9,203.0
30.916740894317627,192.0,31.0,204.0
31.016254901885986,195.0,31.1,205.0
31.11604881286621,202.0,31.2,206.0
31.21616792678833,205.0,31.3,207.0
31.31629490852356,208.0,31.4,208.0
31.41674494743347,216.0,31.5,209.0
31.516315937042236,213.0,31.6,210.0
31.616436004638672,213.0,31.7,211.0
31.715919971466064,224.0,31.8,212.0
31.816674947738647,213.0,31.9,213.0
31.9164719581604,217.0,32.0,214.0
32.01588582992554,221.0,32.1,215.0
32.11618375778198,216.0,32.2,216.0
32.21649193763733,217.0,32.3,217.0
32.316565990448,217.0,32.4,218.0
32.416597843170166,217.0,32.5,219.0
32.51629090309143,219.0,32.6,220.0
32.61668682098389,217.0,32.7,220.0
32.71635103225708,217.0,32.8,220.0
32.816442012786865,217.0,32.9,220.0
32.916746854782104,217.0,33.0,220.0
33.016883850097656,217.0,33.1,220.0
33.11641073226929,219.0,33.2,220.0
33.216434955596924,217.0,33.3,220.0
33.31581783294678,217.0,33.4,220.0
33.41641592979431,217.0,33.5,220.0
33.51578092575073,219.0,33.6,220.0
33.61659479141235,219.0,33.7,220.0
33.716548919677734,216.0,33.8,220.0
33.81635594367981,216.0,33.9,220.0
33.91672706604004,216.0,34.0,220.0
34.0161018371582,216.0,34.1,220.0
34.115808963775635,216.0,34.2,220.0
34.215871810913086,216.0,34.3,220.0
34.31602883338928,216.0,34.4,220.0
34.41601371765137,217.0,34.5,220.0
34.51671504974365,216.0,34.6,220.0
34.616708755493164,217.0,34.7,220.0
34.71641302108765,216.0,34.8,220.0
34.81669998168945,219.0,34.9,220.0
34.916812896728516,224.0,35.0,220.0
35.0169038772583,232.0,35.1,220.0
35.11676073074341,233.0,35.2,220.0
35.21641397476196,235.0,35.3,220.0
35.31615495681763,236.0,35.4,220.0
35.41605591773987,240.0,35.5,220.0
35.516310930252075,244.0,35.6,220.0
35.61667585372925,243.0,35.7,221.0
35.71638774871826,244.0,35.8,222.0
35.816237926483154,244.0,35.9,223.0
35.916165828704834,244.0,36.0,224.0
36.01668882369995,247.0,36.1,225.0
36.116682052612305,249.0,36.2,226.0
36.21640491485596,251.0,36.3,227.0
36.31669282913208,251.0,36.4,228.0
36.416382789611816,247.0,36.5,229.0
36.51608085632324,249.0,36.6,230.0
36.61609077453613,247.0,36.7,231.0
36.71607995033264,249.0,36.8,232.0
36.81665587425232,247.0,36.9,233.0
36.916239738464355,247.0,37.0,234.0
37.01634073257446,247.0,37.1,235.0
37.11671686172485,247.0,37.2,236.0
37.2166748046875,246.0,37.3,237.0
37.3158118724823,247.0,37.4,238.0
37.41586399078369,247.0,37.5,239.0
37.51591396331787,247.0,37.6,240.0
37.61616277694702,246.0,37.7,241.0
37.716065883636475,244.0,37.8,242.0
37.815982818603516,241.0,37.9,243.0
37.91625189781189,241.0,38.0,244.0
38.01628088951111,241.0,38.1,245.0
38.116132736206055,258.0,38.2,246.0
38.21593689918518,240.0,38.3,247.0
38.31628489494324,240.0,38.4,248.0
38.41607904434204,238.0,38.5,249.0
38.51606273651123,240.0,38.6,250.0
38.61663293838501,240.0,38.7,250.0
38.716646909713745,240.0,38.8,250.0
38.81635284423828,238.0,38.9,250.0
38.91628384590149,240.0,39.0,250.0
39.016071796417236,238.0,39.1,250.0
39.11611986160278,240.0,39.2,250.0
39.21599197387695,240.0,39.3,250.0
39.316307067871094,240.0,39.4,250.0
39.41636896133423,240.0,39.5,250.0
39.51565599441528,240.0,39.6,250.0
39.61661100387573,240.0,39.7,250.0
39.71661591529846,240.0,39.8,250.0
39.817081928253174,243.0,39.9,250.0
39.91659593582153,246.0,40.0,250.0
40.01623773574829,244.0,40.1,250.0
40.11658692359924,244.0,40.2,250.0
40.21617388725281,247.0,40.3,250.0
40.31638789176941,251.0,40.4,250.0
40.41624689102173,252.0,40.5,250.0
40.516602993011475,255.0,40.6,250.0
40.615866899490356,257.0,40.7,250.0
40.716551780700684,263.0,40.8,250.0
40.81578302383423,263.0,40.9,250.0
40.916098833084106,266.0,41.0,250.0
41.0167019367218,273.0,41.1,250.0
41.11720395088196,271.0,41.2,250.0
41.21634006500244,276.0,41.3,250.0
41.31639385223389,277.0,41.4,250.0
41.415785789489746,273.0,41.5,250.0
41.51663303375244,279.0,41.6,250.0
41.61656904220581,276.0,41.7,251.0
41.715940952301025,279.0,41.8,252.0
41.81619596481323,280.0,41.9,253.0
41.91631293296814,280.0,42.0,254.0
42.01583003997803,276.0,42.1,255.0
42.116007804870605,279.0,42.2,256.0
42.21632671356201,274.0,42.3,257.0
42.31628704071045,274.0,42.4,258.0
42.41714692115784,274.0,42.5,259.0
42.516605854034424,274.0,42.6,260.0
42.61633777618408,274.0,42.7,261.0
42.716618061065674,276.0,42.8,262.0
42.816144943237305,274.0,42.9,263.0
42.91620397567749,274.0,43.0,264.0
43.01652789115906,274.0,43.1,265.0
43.116294860839844,274.0,43.2,266.0
43.216503858566284,274.0,43.3,267.0
43.31671380996704,274.0,43.4,268.0
43.41647672653198,274.0,43.5,269.0
43.516530990600586,274.0,43.6,270.0
43.61650490760803,274.0,43.7,271.0
43.71660900115967,274.0,43.8,272.0
43.815605878829956,274.0,43.9,273.0
43.91652297973633,274.0,44.0,274.0
44.01649594306946,274.0,44.1,275.0
44.116493940353394,274.0,44.2,276.0
44.215614795684814,273.0,44.3,277.0
44.31573987007141,274.0,44.4,278.0
44.41552686691284,271.0,44.5,279.0
44.51570272445679,271.0,44.6,280.0
44.61556005477905,273.0,44.7,280.0
44.71626806259155,274.0,44.8,280.0
44.81635284423828,273.0,44.9,280.0
44.91650986671448,271.0,45.0,280.0
45.01583671569824,273.0,45.1,280.0
45.11567497253418,271.0,45.2,280.0
45.21553993225098,273.0,45.3,280.0
45.3164849281311,271.0,45.4,280.0
45.41567277908325,273.0,45.5,280.0
45.515567779541016,273.0,45.6,280.0
45.616495847702026,277.0,45.7,280.0
45.71649980545044,282.0,45.8,280.0
45.815624713897705,295.0,45.9,280.0
45.916292905807495,295.0,46.0,280.0
46.016438007354736,295.0,46.1,280.0
46.116535902023315,299.0,46.2,280.0
46.21561789512634,301.0,46.3,280.0
46.31562805175781,303.0,46.4,280.0
46.41572189331055,304.0,46.5,280.0
46.51575684547424,301.0,46.6,280.0
46.61571788787842,304.0,46.7,280.0
46.71605396270752,306.0,46.8,280.0
46.81566381454468,306.0,46.9,280.0
46.91583299636841,306.0,47.0,280.0
47.01645803451538,309.0,47.1,280.0
47.11557197570801,310.0,47.2,280.0
47.2157199382782,317.0,47.3,280.0
47.316635847091675,314.0,47.4,280.0
47.415812969207764,312.0,47.5,280.0
47.51576900482178,317.0,47.6,280.0
47.61566400527954,296.0,47.7,281.0
47.71585988998413,299.0,47.8,282.0
47.81645679473877,304.0,47.9,283.0
47.91641902923584,303.0,48.0,284.0
48.015841007232666,301.0,48.1,285.0
48.116487979888916,303.0,48.2,286.0
48.21562886238098,301.0,48.3,287.0
48.31563472747803,303.0,48.4,288.0
48.416460037231445,303.0,48.5,289.0
48.51640176773071,303.0,48.6,290.0
48.61585092544556,303.0,48.7,291.0
48.7164249420166,303.0,48.8,292.0
48.8165009021759,303.0,48.9,293.0
48.91588497161865,303.0,49.0,294.0
49.01598501205444,303.0,49.1,295.0
49.11641788482666,303.0,49.2,296.0
49.215696811676025,303.0,49.3,297.0
49.31575894355774,303.0,49.4,298.0
49.41598606109619,304.0,49.5,299.0
49.51584005355835,309.0,49.6,300.0
49.615718841552734,314.0,49.7,301.0
49.71566390991211,317.0,49.8,302.0
49.81575298309326,320.0,49.9,303.0
49.915785789489746,326.0,50.0,304.0
50.015689849853516,329.0,50.1,305.0
50.116628885269165,329.0,50.2,306.0
50.2161979675293,331.0,50.3,307.0
50.315876960754395,334.0,50.4,308.0
50.41552972793579,336.0,50.5,309.0
50.51566505432129,334.0,50.6,310.0
50.61578702926636,369.0,50.7,310.0
50.715735912323,329.0,50.8,310.0
50.81607794761658,328.0,50.9,310.0
50.916364908218384,328.0,51.0,310.0
51.015830993652344,321.0,51.1,310.0
51.11581373214722,318.0,51.2,310.0
51.215709924697876,315.0,51.3,310.0
51.31580090522766,310.0,51.4,310.0
51.41582894325256,309.0,51.5,310.0
51.51586198806763,310.0,51.6,310.0
51.61645984649658,310.0,51.7,310.0
51.715895891189575,310.0,51.8,310.0
51.81580400466919,309.0,51.9,310.0
51.915647983551025,310.0,52.0,310.0
52.0159387588501,310.0,52.1,310.0
52.11646294593811,317.0,52.2,310.0
52.21592593193054,315.0,52.3,310.0
52.31595492362976,315.0,52.4,310.0
52.41555404663086,318.0,52.5,310.0
52.515793800354004,323.0,52.6,310.0
52.61649489402771,323.0,52.7,310.0
52.715909004211426,323.0,52.8,310.0
52.8160457611084,323.0,52.9,310.0
52.91589879989624,323.0,53.0,310.0
53.01586294174194,329.0,53.1,310.0
53.124616861343384,331.0,53.2,310.0
53.215555906295776,332.0,53.3,310.0
53.316356897354126,336.0,53.4,310.0
53.415674924850464,336.0,53.5,310.0
53.51610803604126,342.0,53.6,310.0
53.61590886116028,339.0,53.7,311.0
53.716378927230835,342.0,53.8,312.0
53.816410064697266,340.0,53.9,313.0
53.91566181182861,331.0,54.0,314.0
54.01635789871216,331.0,54.1,315.0
54.1159348487854,336.0,54.2,316.0
54.21551990509033,331.0,54.3,317.0
54.31545972824097,331.0,54.4,318.0
54.41543889045715,331.0,54.5,319.0
54.51572799682617,329.0,54.6,320.0
54.61543273925781,331.0,54.7,321.0
54.71594476699829,332.0,54.8,322.0
54.81584191322327,334.0,54.9,323.0
54.9153938293457,332.0,55.0,324.0
55.015936851501465,332.0,55.1,325.0
55.11619281768799,334.0,55.2,326.0
55.216371059417725,334.0,55.3,327.0
55.31555390357971,334.0,55.4,328.0
55.41584086418152,334.0,55.5,329.0
55.51584196090698,334.0,55.6,330.0
55.61589694023132,334.0,55.7,331.0
55.71640586853027,332.0,55.8,332.0
55.815446853637695,334.0,55.9,333.0
55.915849924087524,332.0,56.0,334.0
56.01555871963501,331.0,56.1,335.0
56.115795850753784,332.0,56.2,336.0
56.21554493904114,332.0,56.3,337.0
56.31564378738403,334.0,56.4,338.0
56.41552186012268,332.0,56.5,339.0
56.51589393615723,332.0,56.6,340.0
56.61525583267212,331.0,56.7,340.0
56.71580171585083,332.0,56.8,340.0
56.81582188606262,331.0,56.9,340.0
56.915743827819824,332.0,57.0,340.0
57.01577806472778,332.0,57.1,340.0
57.11634588241577,336.0,57.2,340.0
57.21631693840027,340.0,57.3,340.0
57.315701961517334,342.0,57.4,340.0
57.41635799407959,345.0,57.5,340.0
57.51552486419678,347.0,57.6,340.0
57.61565184593201,350.0,57.7,340.0
57.71580982208252,356.0,57.8,340.0
57.815834045410156,356.0,57.9,340.0
57.915623903274536,356.0,58.0,340.0
58.01632285118103,359.0,58.1,340.0
58.115593910217285,361.0,58.2,340.0
58.21559190750122,362.0,58.3,340.0
58.31610298156738,364.0,58.4,340.0
58.4162917137146,361.0,58.5,340.0
58.516233921051025,362.0,58.6,340.0
58.61581492424011,364.0,58.7,340.0
58.716394901275635,367.0,58.8,340.0
58.815934896469116,367.0,58.9,340.0
58.916324853897095,367.0,59.0,340.0
59.01557493209839,369.0,59.1,340.0
59.116275787353516,367.0,59.2,340.0
59.21555471420288,367.0,59.3,340.0
59.31558179855347,367.0,59.4,340.0
59.416300773620605,366.0,59.5,340.0
59.515851974487305,369.0,59.6,340.0
59.61566972732544,367.0,59.7,341.0
59.715795040130615,367.0,59.8,342.0
59.8157958984375,367.0,59.9,343.0
59.91624188423157,366.0,60.0,344.0
60.015575885772705,364.0,60.1,345.0
60.115962982177734,362.0,60.2,346.0
60.21564793586731,364.0,60.3,347.0
60.31553602218628,362.0,60.4,348.0
60.415688037872314,366.0,60.5,349.0
60.515697956085205,366.0,60.6,350.0
60.6155309677124,366.0,60.7,351.0
60.71542501449585,366.0,60.8,352.0
60.8162407875061,366.0,60.9,353.0
60.91552972793579,364.0,61.0,354.0
61.01610589027405,366.0,61.1,355.0
61.11568784713745,366.0,61.2,356.0
61.2156777381897,367.0,61.3,357.0
61.31633901596069,366.0,61.4,358.0
61.41631078720093,366.0,61.5,359.0
61.51551294326782,364.0,61.6,360.0
61.615736961364746,364.0,61.7,361.0
61.716452836990356,369.0,61.8,362.0
61.81555986404419,375.0,61.9,363.0
61.9157018661499,378.0,62.0,364.0
62.01534080505371,378.0,62.1,365.0
62.11563301086426,380.0,62.2,366.0
62.216251850128174,386.0,62.3,367.0
62.316221714019775,384.0,62.4,368.0
62.41620683670044,386.0,62.5,369.0
62.51625084877014,391.0,62.6,370.0
62.61541295051575,392.0,62.7,370.0
62.716217041015625,392.0,62.8,370.0
62.81624698638916,395.0,62.9,370.0
62.91559982299805,399.0,63.0,370.0
63.01617383956909,402.0,63.1,370.0
63.11572074890137,408.0,63.2,370.0
63.21544790267944,397.0,63.3,370.0
63.31571102142334,400.0,63.4,370.0
63.41618490219116,400.0,63.5,370.0
63.51563596725464,397.0,63.6,370.0
63.615665912628174,397.0,63.7,370.0
63.71623492240906,399.0,63.8,370.0
63.815592765808105,397.0,63.9,370.0
63.916141986846924,399.0,64.0,370.0
64.01629972457886,399.0,64.1,370.0
64.11559891700745,399.0,64.2,370.0
64.21615386009216,399.0,64.3,370.0
64.31567287445068,399.0,64.4,370.0
64.41559791564941,400.0,64.5,370.0
64.51563787460327,400.0,64.6,370.0
64.61552381515503,400.0,64.7,370.0
64.71561002731323,400.0,64.8,370.0
64.81614589691162,402.0,64.9,370.0
64.9162118434906,400.0,65.0,370.0
65.0161190032959,402.0,65.1,370.0
65.11628198623657,402.0,65.2,370.0
65.21626687049866,400.0,65.3,370.0
65.31530690193176,400.0,65.4,370.0
65.41601276397705,402.0,65.5,370.0
65.51619577407837,400.0,65.6,370.0
65.61541295051575,399.0,65.7,371.0
65.71575593948364,399.0,65.8,372.0
65.8161928653717,399.0,65.9,373.0
65.91624188423157,399.0,66.0,374.0
66.01614379882812,399.0,66.1,375.0
66.11618995666504,399.0,66.2,376.0
66.2153549194336,400.0,66.3,377.0
66.31610679626465,397.0,66.4,378.0
66.4161729812622,397.0,66.5,379.0
66.51558685302734,399.0,66.6,380.0
66.61612176895142,399.0,66.7,381.0
66.71563386917114,399.0,66.8,382.0
66.81555795669556,399.0,66.9,383.0
66.91616892814636,397.0,67.0,384.0
67.0157699584961,399.0,67.1,385.0
67.11535978317261,399.0,67.2,386.0
67.21561002731323,399.0,67.3,387.0
67.31620073318481,400.0,67.4,388.0
67.41549587249756,399.0,67.5,389.0
67.51609373092651,399.0,67.6,390.0
67.61618494987488,399.0,67.7,391.0
67.71548700332642,395.0,67.8,392.0
67.81608986854553,392.0,67.9,393.0
67.91618585586548,386.0,68.0,394.0
68.01547694206238,386.0,68.1,395.0
68.1160728931427,383.0,68.2,396.0
68.2161717414856,381.0,68.3,397.0
68.31544780731201,378.0,68.4,398.0
68.41609001159668,378.0,68.5,399.0
68.51609182357788,380.0,68.6,400.0
68.61522102355957,380.0,68.7,400.0
68.71530389785767,375.0,68.8,400.0
68.8161609172821,367.0,68.9,400.0
68.91520404815674,366.0,69.0,400.0
69.01611685752869,369.0,69.1,400.0
69.1161458492279,369.0,69.2,400.0
69.22533392906189,373.0,69.3,400.0
69.31611490249634,372.0,69.4,400.0
69.41614985466003,372.0,69.5,400.0
69.51515579223633,370.0,69.6,400.0
69.61526894569397,372.0,69.7,400.0
69.71625089645386,372.0,69.8,400.0
69.81537103652954,370.0,69.9,400.0
69.91607904434204,370.0,70.0,400.0
70.01616191864014,370.0,70.1,400.0
70.11544275283813,370.0,70.2,400.0
70.21606492996216,372.0,70.3,400.0
70.31545972824097,372.0,70.4,400.0
70.41550087928772,372.0,70.5,400.0
70.51541686058044,372.0,70.6,400.0
70.61547088623047,372.0,70.7,400.0
70.71549701690674,372.0,70.8,400.0
70.81605672836304,372.0,70.9,400.0
70.91615772247314,370.0,71.0,400.0
71.01545000076294,372.0,71.1,400.0
71.11614894866943,372.0,71.2,400.0
71.21613073348999,372.0,71.3,400.0
71.31609296798706,372.0,71.4,400.0
71.41609573364258,370.0,71.5,400.0
71.51611995697021,372.0,71.6,399.0
71.61542701721191,372.0,71.7,398.0
71.71607995033264,372.0,71.8,397.0
71.81610894203186,373.0,71.9,396.0
71.9160509109497,373.0,72.0,395.0
72.01603388786316,373.0,72.1,394.0
72.11520576477051,373.0,72.2,393.0
72.21516275405884,373.0,72.3,392.0
72.31608295440674,373.0,72.4,391.0
72.41609191894531,373.0,72.5,390.0
72.51535701751709,373.0,72.6,389.0
72.61607599258423,373.0,72.7,388.0
72.71607184410095,373.0,72.8,387.0
72.81559991836548,373.0,72.9,386.0
72.91534185409546,372.0,73.0,385.0
73.01609992980957,373.0,73.1,384.0
73.11599588394165,375.0,73.2,383.0
73.21524000167847,373.0,73.3,382.0
73.31542778015137,373.0,73.4,381.0
73.41522789001465,373.0,73.5,380.0
73.51601886749268,373.0,73.6,379.0
73.61608290672302,375.0,73.7,378.0
73.71513891220093,373.0,73.8,377.0
73.8160047531128,372.0,73.9,376.0
73.91606092453003,372.0,74.0,375.0
74.01540279388428,370.0,74.1,374.0
74.1165988445282,370.0,74.2,373.0
74.215411901474,370.0,74.3,372.0
74.31521892547607,372.0,74.4,371.0
74.4159939289093,375.0,74.5,370.0
74.51541090011597,373.0,74.6,370.0
74.6159987449646,375.0,74.7,370.0
74.71599888801575,375.0,74.8,370.0
74.81607294082642,375.0,74.9,370.0
74.91514301300049,375.0,75.0,370.0
75.01600289344788,377.0,75.1,370.0
75.11544990539551,378.0,75.2,370.0
75.21551394462585,375.0,75.3,370.0
75.31605005264282,375.0,75.4,370.0
75.41632294654846,373.0,75.5,370.0
75.51607584953308,370.0,75.6,370.0
75.6160159111023,391.0,75.7,370.0
75.71606779098511,370.0,75.8,370.0
75.81515502929688,370.0,75.9,370.0
75.91599798202515,354.0,76.0,370.0
76.01532173156738,348.0,76.1,370.0
76.11530303955078,354.0,76.2,370.0
76.21538305282593,356.0,76.3,370.0
76.31604790687561,356.0,76.4,370.0
76.41596984863281,361.0,76.5,370.0
76.51527500152588,358.0,76.6,370.0
76.61605501174927,353.0,76.7,370.0
76.71605491638184,353.0,76.8,370.0
76.81533002853394,351.0,76.9,370.0
76.9160270690918,350.0,77.0,370.0
77.01509189605713,350.0,77.1,370.0
77.11594772338867,348.0,77.2,370.0
77.21600294113159,347.0,77.3,370.0
77.31525993347168,345.0,77.4,370.0
77.41518878936768,345.0,77.5,370.0
77.515380859375,345.0,77.6,369.0
77.61596775054932,345.0,77.7,368.0
77.7152168750763,343.0,77.8,367.0
77.815997838974,342.0,77.9,366.0
77.91514992713928,336.0,78.0,365.0
78.015939950943,334.0,78.1,364.0
78.11614274978638,337.0,78.2,363.0
78.21517276763916,332.0,78.3,362.0
78.31525993347168,337.0,78.4,361.0
78.41601276397705,337.0,78.5,360.0
78.51587891578674,334.0,78.6,359.0
78.61615896224976,334.0,78.7,358.0
78.71601891517639,334.0,78.8,357.0
78.81591486930847,334.0,78.9,356.0
78.9152479171753,332.0,79.0,355.0
79.01598072052002,334.0,79.1,354.0
79.11524200439453,336.0,79.2,353.0
79.21590995788574,336.0,79.3,352.0
79.31527090072632,336.0,79.4,351.0
79.41600894927979,336.0,79.5,350.0
79.51592874526978,337.0,79.6,349.0
79.61598205566406,337.0,79.7,348.0
79.71504497528076,339.0,79.8,347.0
79.81531572341919,337.0,79.9,346.0
79.91595387458801,337.0,80.0,345.0
80.01592302322388,337.0,80.1,344.0
80.11589002609253,337.0,80.2,343.0
80.21598291397095,339.0,80.3,342.0
80.31596374511719,339.0,80.4,341.0
80.41528606414795,340.0,80.5,340.0
80.51595497131348,340.0,80.6,340.0
80.6157398223877,340.0,80.7,340.0
80.71508693695068,340.0,80.8,340.0
80.81598591804504,340.0,80.9,340.0
80.91518592834473,339.0,81.0,340.0
81.01588487625122,340.0,81.1,340.0
81.11608600616455,339.0,81.2,340.0
81.2158727645874,340.0,81.3,340.0
81.31589984893799,340.0,81.4,340.0
81.41592788696289,340.0,81.5,340.0
81.51519775390625,340.0,81.6,340.0
81.61624383926392,340.0,81.7,340.0
81.71616888046265,340.0,81.8,340.0
81.81538391113281,339.0,81.9,340.0
81.9159107208252,334.0,82.0,340.0
82.01524090766907,334.0,82.1,340.0
82.115149974823,332.0,82.2,340.0
82.21551704406738,331.0,82.3,340.0
82.31626987457275,331.0,82.4,340.0
82.41604995727539,331.0,82.5,340.0
82.51515674591064,328.0,82.6,340.0
82.61516690254211,326.0,82.7,340.0
82.71496486663818,325.0,82.8,340.0
82.81601691246033,318.0,82.9,340.0
82.91612100601196,318.0,83.0,340.0
83.0152497291565,320.0,83.1,340.0
83.11529302597046,321.0,83.2,340.0
83.21611595153809,317.0,83.3,340.0
83.31602478027344,320.0,83.4,340.0
83.41535806655884,318.0,83.5,340.0
83.51659202575684,317.0,83.6,339.0
83.61594581604004,317.0,83.7,338.0
83.7152009010315,315.0,83.8,337.0
83.81598591804504,309.0,83.9,336.0
83.91563987731934,309.0,84.0,335.0
84.01524305343628,310.0,84.1,334.0
84.115309715271,310.0,84.2,333.0
84.21579074859619,310.0,84.3,332.0
84.31520891189575,315.0,84.4,331.0
84.41526794433594,310.0,84.5,330.0
84.51518678665161,310.0,84.6,329.0
84.61516189575195,310.0,84.7,328.0
84.71587085723877,310.0,84.8,327.0
84.81610989570618,310.0,84.9,326.0
84.91490983963013,310.0,85.0,325.0
85.01590991020203,329.0,85.1,324.0
85.11486673355103,310.0,85.2,323.0
85.21585273742676,310.0,85.3,322.0
85.31576991081238,310.0,85.4,321.0
85.41581392288208,310.0,85.5,320.0
85.51491785049438,310.0,85.6,319.0
85.6148898601532,312.0,85.7,318.0
85.71491193771362,310.0,85.8,317.0
85.81511187553406,307.0,85.9,316.0
85.91494274139404,309.0,86.0,315.0
86.01493191719055,309.0,86.1,314.0
86.11596202850342,309.0,86.2,313.0
86.21584796905518,307.0,86.3,312.0
86.31495690345764,304.0,86.4,311.0
86.41487693786621,307.0,86.5,310.0
86.51589393615723,310.0,86.6,310.0
86.61512589454651,309.0,86.7,310.0
86.71498489379883,309.0,86.8,310.0
86.81512403488159,307.0,86.9,310.0
86.91497802734375,309.0,87.0,310.0
87.01577186584473,309.0,87.1,310.0
87.11574697494507,306.0,87.2,310.0
87.21586394309998,304.0,87.3,310.0
87.31506085395813,306.0,87.4,310.0
87.4150857925415,304.0,87.5,310.0
87.51488780975342,296.0,87.6,310.0
87.6148989200592,299.0,87.7,310.0
87.7151038646698,298.0,87.8,310.0
87.81529903411865,293.0,87.9,310.0
87.91515398025513,293.0,88.0,310.0
88.01586985588074,291.0,88.1,310.0
88.11510491371155,314.0,88.2,310.0
88.21536087989807,284.0,88.3,310.0
88.3158369064331,284.0,88.4,310.0
88.41561698913574,285.0,88.5,310.0
88.515784740448,285.0,88.6,310.0
88.61523294448853,282.0,88.7,310.0
88.71539187431335,284.0,88.8,310.0
88.81580877304077,285.0,88.9,310.0
88.91520881652832,284.0,89.0,310.0
89.01579284667969,285.0,89.1,310.0
89.11536502838135,285.0,89.2,310.0
89.21594381332397,285.0,89.3,310.0
89.31534481048584,287.0,89.4,310.0
89.41577291488647,287.0,89.5,310.0
89.5150499343872,287.0,89.6,309.0
89.61501789093018,288.0,89.7,308.0
89.71505689620972,288.0,89.8,307.0
89.81506299972534,290.0,89.9,306.0
89.91590976715088,288.0,90.0,305.0
90.015065908432,290.0,90.1,304.0
90.1150450706482,288.0,90.2,303.0
90.21580982208252,290.0,90.3,302.0
90.31498384475708,290.0,90.4,301.0
90.4148519039154,290.0,90.5,300.0
90.51568698883057,288.0,90.6,299.0
90.61503076553345,288.0,90.7,298.0
90.71503686904907,288.0,90.8,297.0
90.81514978408813,288.0,90.9,296.0
90.91579484939575,288.0,91.0,295.0
91.01503705978394,287.0,91.1,294.0
91.11494302749634,287.0,91.2,293.0
91.21579504013062,288.0,91.3,292.0
91.31579303741455,287.0,91.4,291.0
91.4160590171814,287.0,91.5,290.0
91.51502704620361,287.0,91.6,289.0
91.6151659488678,287.0,91.7,288.0
91.71574687957764,287.0,91.8,287.0
91.81568098068237,287.0,91.9,286.0
91.91579484939575,288.0,92.0,285.0
92.01499271392822,287.0,92.1,284.0
92.11572599411011,285.0,92.2,283.0
92.21567988395691,284.0,92.3,282.0
92.31477689743042,287.0,92.4,281.0
92.4150390625,287.0,92.5,280.0
92.51498293876648,285.0,92.6,280.0
92.61497688293457,287.0,92.7,280.0
92.71480584144592,287.0,92.8,280.0
92.81497478485107,287.0,92.9,280.0
92.91576290130615,288.0,93.0,280.0
93.0150990486145,287.0,93.1,280.0
93.1153929233551,287.0,93.2,280.0
93.2147319316864,287.0,93.3,280.0
93.31480288505554,287.0,93.4,280.0
93.41571092605591,285.0,93.5,280.0
93.51490306854248,282.0,93.6,280.0
93.61511588096619,282.0,93.7,280.0
93.7157518863678,282.0,93.8,280.0
93.81488275527954,279.0,93.9,280.0
93.91474103927612,276.0,94.0,280.0
94.014967918396,274.0,94.1,280.0
94.11571979522705,274.0,94.2,280.0
94.21477174758911,273.0,94.3,280.0
94.31496572494507,269.0,94.4,280.0
94.41576385498047,269.0,94.5,280.0
94.51507592201233,268.0,94.6,280.0
94.61493301391602,268.0,94.7,280.0
94.71547174453735,258.0,94.8,280.0
94.81501984596252,262.0,94.9,280.0
94.91490697860718,262.0,95.0,280.0
95.01569700241089,262.0,95.1,280.0
95.114816904068,260.0,95.2,280.0
95.21482992172241,260.0,95.3,280.0
95.31573987007141,254.0,95.4,280.0
95.41530704498291,252.0,95.5,280.0
95.51492881774902,252.0,95.6,279.0
95.61490201950073,247.0,95.7,278.0
95.71489906311035,246.0,95.8,277.0
95.81493806838989,241.0,95.9,276.0
95.91486406326294,243.0,96.0,275.0
96.01492285728455,247.0,96.1,274.0
96.11488771438599,246.0,96.2,273.0
96.21488285064697,244.0,96.3,272.0
96.3156909942627,244.0,96.4,271.0
96.41484498977661,246.0,96.5,270.0
96.5148389339447,247.0,96.6,269.0
96.6150770187378,249.0,96.7,268.0
96.71571779251099,249.0,96.8,267.0
96.81478881835938,249.0,96.9,266.0
96.9149079322815,247.0,97.0,265.0
97.01488089561462,249.0,97.1,264.0
97.11475801467896,249.0,97.2,263.0
97.21512079238892,249.0,97.3,262.0
97.31489491462708,249.0,97.4,261.0
97.41568279266357,251.0,97.5,260.0
97.51468276977539,290.0,97.6,259.0
97.6157169342041,249.0,97.7,258.0
97.71504592895508,252.0,97.8,257.0
97.81506872177124,252.0,97.9,256.0
97.91508293151855,252.0,98.0,255.0
98.01494979858398,252.0,98.1,254.0
98.11570501327515,247.0,98.2,253.0
98.21481895446777,249.0,98.3,252.0
98.31482601165771,247.0,98.4,251.0
98.41488599777222,249.0,98.5,250.0
98.51560306549072,244.0,98.6,250.0
98.6156678199768,246.0,98.7,250.0
98.7157518863678,246.0,98.8,250.0
98.81484079360962,247.0,98.9,250.0
98.91564583778381,246.0,99.0,250.0
99.01492094993591,241.0,99.1,250.0
99.11483383178711,238.0,99.2,250.0
99.21564888954163,236.0,99.3,250.0
99.3147668838501,235.0,99.4,250.0
99.4148018360138,236.0,99.5,250.0
99.51482391357422,235.0,99.6,250.0
99.61468172073364,230.0,99.7,250.0
99.71482801437378,228.0,99.8,250.0
99.81487798690796,228.0,99.9,250.0
99.91480684280396,227.0,100.0,250.0
100.01480674743652,227.0,100.1,250.0
100.11523985862732,222.0,100.2,250.0
100.21562886238098,224.0,100.3,250.0
100.31479692459106,222.0,100.4,250.0
100.41478085517883,224.0,100.5,250.0
100.51491594314575,222.0,100.6,250.0
100.61566185951233,228.0,100.7,250.0
100.71467685699463,222.0,100.8,250.0
100.81504392623901,222.0,100.9,250.0
100.91478490829468,227.0,101.0,250.0
101.01570892333984,225.0,101.1,250.0
101.11602973937988,225.0,101.2,250.0
101.21479487419128,225.0,101.3,250.0
101.31473684310913,227.0,101.4,250.0
101.41480779647827,225.0,101.5,250.0
101.51489782333374,227.0,101.6,249.0
101.61557793617249,227.0,101.7,248.0
101.71475791931152,227.0,101.8,247.0
101.81492471694946,227.0,101.9,246.0
101.91471290588379,227.0,102.0,245.0
102.01624894142151,227.0,102.1,244.0
102.11552095413208,227.0,102.2,243.0
102.21553993225098,227.0,102.3,242.0
102.31464576721191,227.0,102.4,241.0
102.41473889350891,227.0,102.5,240.0
102.51560878753662,227.0,102.6,239.0
102.61472082138062,228.0,102.7,238.0
102.71472978591919,228.0,102.8,237.0
102.81553506851196,228.0,102.9,236.0
102.91470384597778,228.0,103.0,235.0
103.01473784446716,228.0,103.1,234.0
103.11544990539551,228.0,103.2,233.0
103.21555280685425,230.0,103.3,232.0
103.31469488143921,228.0,103.4,231.0
103.41509485244751,228.0,103.5,230.0
103.51465892791748,230.0,103.6,229.0
103.61466789245605,230.0,103.7,228.0
103.71549272537231,230.0,103.8,227.0
103.81464886665344,228.0,103.9,226.0
103.91578888893127,228.0,104.0,225.0
104.01552200317383,228.0,104.1,224.0
104.11531686782837,230.0,104.2,223.0
104.21470189094543,228.0,104.3,222.0
104.31468200683594,228.0,104.4,221.0
104.41597986221313,227.0,104.5,220.0
104.51486492156982,224.0,104.6,220.0
104.61482691764832,224.0,104.7,220.0
104.71531677246094,222.0,104.8,220.0
104.8157057762146,222.0,104.9,220.0
104.91469287872314,216.0,105.0,220.0
105.01552104949951,217.0,105.1,220.0
105.11466193199158,216.0,105.2,220.0
105.21463584899902,208.0,105.3,220.0
105.3155198097229,208.0,105.4,220.0
105.4147219657898,208.0,105.5,220.0
105.5146279335022,205.0,105.6,220.0
105.61462593078613,202.0,105.7,220.0
105.71466779708862,199.0,105.8,220.0
105.81564474105835,199.0,105.9,220.0
105.91485404968262,197.0,106.0,220.0
106.01563501358032,195.0,106.1,220.0
106.1148898601532,195.0,106.2,220.0
106.21479272842407,192.0,106.3,220.0
106.31568789482117,194.0,106.4,220.0
106.4148178100586,191.0,106.5,220.0
106.51479291915894,189.0,106.6,220.0
106.61548686027527,192.0,106.7,220.0
106.71550798416138,191.0,106.8,220.0
106.81646394729614,191.0,106.9,220.0
106.91477990150452,199.0,107.0,220.0
107.01477193832397,189.0,107.1,220.0
107.11478686332703,191.0,107.2,220.0
107.21484375,192.0,107.3,220.0
107.31580877304077,192.0,107.4,220.0
107.41493082046509,192.0,107.5,220.0
107.51483583450317,194.0,107.6,219.0
107.61560487747192,194.0,107.7,218.0
107.7150468826294,194.0,107.8,217.0
107.81493997573853,194.0,107.9,216.0
107.91559076309204,194.0,108.0,215.0
108.01520991325378,194.0,108.1,214.0
108.11581587791443,194.0,108.2,213.0
108.21535587310791,194.0,108.3,212.0
108.31488084793091,194.0,108.4,211.0
108.4147219657898,195.0,108.5,210.0
108.51473474502563,194.0,108.6,209.0
108.61547589302063,194.0,108.7,208.0
108.71510076522827,194.0,108.8,207.0
108.81558084487915,194.0,108.9,206.0
108.91501903533936,195.0,109.0,205.0
109.01560688018799,194.0,109.1,204.0
109.11478805541992,195.0,109.2,203.0
109.21478486061096,195.0,109.3,202.0
109.31501197814941,195.0,109.4,201.0
109.41521883010864,195.0,109.5,200.0
109.51478791236877,195.0,109.6,199.0
109.61484289169312,195.0,109.7,198.0
109.71467685699463,195.0,109.8,197.0
109.81579494476318,195.0,109.9,196.0
109.91485285758972,197.0,110.0,195.0
110.01560688018799,232.0,110.1,194.0
110.11494779586792,195.0,110.2,193.0
110.21559381484985,195.0,110.3,192.0
110.31468892097473,195.0,110.4,191.0
110.41467785835266,199.0,110.5,190.0
110.51558089256287,197.0,110.6,190.0
110.61490893363953,195.0,110.7,190.0
110.7149829864502,195.0,110.8,190.0
110.8156590461731,195.0,110.9,190.0
110.9150619506836,195.0,111.0,190.0
111.01583480834961,197.0,111.1,190.0
111.1147689819336,199.0,111.2,190.0
111.21554803848267,200.0,111.3,190.0
111.31584787368774,202.0,111.4,190.0
111.41496896743774,199.0,111.5,190.0
111.51466989517212,200.0,111.6,190.0
111.61545991897583,197.0,111.7,190.0
111.71467304229736,197.0,111.8,190.0
111.8155608177185,192.0,111.9,190.0
111.9151120185852,191.0,112.0,190.0
112.01473474502563,188.0,112.1,190.0
112.11499881744385,184.0,112.2,190.0
112.21519494056702,184.0,112.3,190.0
112.31472396850586,178.0,112.4,190.0
112.41494488716125,177.0,112.5,190.0
112.51550197601318,177.0,112.6,190.0
112.61592888832092,177.0,112.7,190.0
112.71572089195251,177.0,112.8,190.0
112.81470680236816,173.0,112.9,190.0
112.91514778137207,172.0,113.0,190.0
113.0153579711914,170.0,113.1,190.0
113.11502194404602,170.0,113.2,190.0
113.21570301055908,167.0,113.3,190.0
113.31503486633301,166.0,113.4,190.0
113.41455483436584,162.0,113.5,190.0
113.51742792129517,161.0,113.6,189.0
113.61463403701782,161.0,113.7,188.0
113.71466398239136,162.0,113.8,187.0
113.81557488441467,166.0,113.9,186.0
113.91456890106201,164.0,114.0,185.0
114.01535272598267,164.0,114.1,184.0
114.11463785171509,164.0,114.2,183.0
114.21552085876465,164.0,114.3,182.0
114.31478095054626,164.0,114.4,181.0
114.41504383087158,164.0,114.5,180.0
114.51476001739502,166.0,114.6,179.0
114.61488485336304,167.0,114.7,178.0
114.71547985076904,167.0,114.8,177.0
114.81596279144287,167.0,114.9,176.0
114.91586995124817,167.0,115.0,175.0
115.01488399505615,167.0,115.1,174.0
115.11490893363953,167.0,115.2,173.0
115.21485471725464,167.0,115.3,172.0
115.31492590904236,167.0,115.4,171.0
115.41553401947021,166.0,115.5,170.0
115.51501989364624,169.0,115.6,169.0
115.61500978469849,167.0,115.7,168.0
115.71458005905151,167.0,115.8,167.0
115.8155198097229,167.0,115.9,166.0
115.91585397720337,169.0,116.0,165.0
116.01514887809753,169.0,116.1,164.0
116.11514592170715,169.0,116.2,163.0
116.21590900421143,169.0,116.3,162.0
116.31481599807739,169.0,116.4,161.0
116.41495490074158,169.0,116.5,160.0
116.5158679485321,170.0,116.6,160.0
116.61547088623047,170.0,116.7,160.0
116.71491885185242,169.0,116.8,160.0
116.81476879119873,169.0,116.9,160.0
116.91449499130249,169.0,117.0,160.0
117.01482582092285,169.0,117.1,160.0
117.11514186859131,169.0,117.2,160.0
117.21540784835815,169.0,117.3,160.0
117.31477403640747,167.0,117.4,160.0
117.4149980545044,169.0,117.5,160.0
117.51485776901245,170.0,117.6,160.0
117.6153039932251,172.0,117.7,160.0
117.7148790359497,170.0,117.8,160.0
117.81599187850952,170.0,117.9,160.0
117.91581392288208,172.0,118.0,160.0
118.01454305648804,175.0,118.1,160.0
118.11620903015137,172.0,118.2,160.0
118.21448183059692,173.0,118.3,160.0
118.31459093093872,170.0,118.4,160.0
118.41570091247559,169.0,118.5,160.0
118.51574802398682,170.0,118.6,160.0
118.61634683609009,169.0,118.7,160.0
118.71545886993408,166.0,118.8,160.0
118.81578493118286,162.0,118.9,160.0
118.91582584381104,159.0,119.0,160.0
119.01550483703613,158.0,119.1,160.0
119.11472797393799,154.0,119.2,160.0
119.21578884124756,145.0,119.3,160.0
119.31600904464722,147.0,119.4,160.0
119.41683197021484,145.0,119.5,160.0
119.51485991477966,145.0,119.6,159.0
119.61597776412964,145.0,119.7,158.0
119.71699380874634,143.0,119.8,157.0
119.81575584411621,142.0,119.9,156.0
119.91572284698486,136.0,120.0,155.0
120.01480984687805,137.0,120.1,154.0
120.11517190933228,136.0,120.2,153.0
120.21611404418945,136.0,120.3,152.0
120.31704592704773,134.0,120.4,151.0
120.41449093818665,134.0,120.5,150.0
120.5152497291565,132.0,120.6,149.0
120.61571598052979,132.0,120.7,148.0
120.71539402008057,126.0,120.8,147.0
120.81487488746643,129.0,120.9,146.0
120.91470003128052,128.0,121.0,145.0
121.01578998565674,128.0,121.1,144.0
121.11572289466858,136.0,121.2,143.0
121.21611785888672,136.0,121.3,142.0
121.31466388702393,134.0,121.4,141.0
121.41588497161865,136.0,121.5,140.0
121.51554203033447,136.0,121.6,139.0
121.61522674560547,134.0,121.7,138.0
121.71567678451538,134.0,121.8,137.0
121.81568574905396,136.0,121.9,136.0
121.91471791267395,136.0,122.0,135.0
122.01548886299133,136.0,122.1,134.0
122.1156120300293,136.0,122.2,133.0
122.21483588218689,137.0,122.3,132.0
122.31612586975098,137.0,122.4,131.0
122.41515588760376,137.0,122.5,130.0
122.51483583450317,139.0,122.6,130.0
122.61971783638,137.0,122.7,130.0
122.71595096588135,137.0,122.8,130.0
122.81634187698364,137.0,122.9,130.0
122.91483402252197,139.0,123.0,130.0
123.01619005203247,137.0,123.1,130.0
123.11492490768433,139.0,123.2,130.0
123.21594190597534,137.0,123.3,130.0
123.31574773788452,139.0,123.4,130.0
123.41531181335449,139.0,123.5,130.0
123.51476001739502,139.0,123.6,130.0
123.61647987365723,139.0,123.7,130.0
123.71493792533875,139.0,123.8,130.0
123.81555604934692,139.0,123.9,130.0
123.91512298583984,139.0,124.0,130.0
124.01589679718018,139.0,124.1,130.0
124.11492204666138,140.0,124.2,130.0
124.21571397781372,140.0,124.3,130.0
124.31663084030151,140.0,124.4,130.0
124.41585397720337,140.0,124.5,130.0
124.51493072509766,142.0,124.6,130.0
124.61551690101624,142.0,124.7,130.0
124.71485471725464,142.0,124.8,130.0
124.8160457611084,142.0,124.9,130.0
124.91745805740356,142.0,125.0,130.0
125.01559400558472,140.0,125.1,130.0
125.11592984199524,139.0,125.2,130.0
125.21482586860657,137.0,125.3,130.0
125.31588077545166,134.0,125.4,130.0
125.41553092002869,131.0,125.5,130.0
125.5154538154602,131.0,125.6,129.0
125.61580181121826,128.0,125.7,128.0
125.71538305282593,121.0,125.8,127.0
125.81554079055786,120.0,125.9,126.0
125.91582894325256,118.0,126.0,125.0
126.01552987098694,120.0,126.1,124.0
126.11505889892578,120.0,126.2,123.0
126.21675205230713,115.0,126.3,122.0
126.31578993797302,115.0,126.4,121.0
126.41623401641846,114.0,126.5,120.0
126.51599979400635,114.0,126.6,119.0
126.61548376083374,112.0,126.7,118.0
126.71522688865662,106.0,126.8,117.0
126.81475973129272,104.0,126.9,116.0
126.91530394554138,104.0,127.0,115.0
127.01638293266296,104.0,127.1,114.0
127.11554288864136,104.0,127.2,113.0
127.21571683883667,103.0,127.3,112.0
127.31549406051636,101.0,127.4,111.0
127.41480779647827,98.0,127.5,110.0
127.51555681228638,99.0,127.6,109.0
127.61631488800049,99.0,127.7,108.0
127.71615600585938,99.0,127.8,107.0
127.81607794761658,103.0,127.9,106.0
127.91555500030518,103.0,128.0,105.0
128.0154218673706,101.0,128.1,104.0
128.1164848804474,103.0,128.2,103.0
128.21586799621582,103.0,128.3,102.0
128.31554079055786,103.0,128.4,101.0
128.41596388816833,103.0,128.5,100.0
128.5163288116455,103.0,128.6,100.0
128.61658096313477,103.0,128.7,100.0
128.7169508934021,104.0,128.8,100.0
128.81568694114685,106.0,128.9,100.0
128.91696786880493,106.0,129.0,100.0
129.01678895950317,104.0,129.1,100.0
129.1152787208557,106.0,129.2,100.0
129.21612882614136,106.0,129.3,100.0
129.3156008720398,106.0,129.4,100.0
129.4168119430542,106.0,129.5,100.0
129.51751279830933,106.0,129.6,100.0
129.61553287506104,106.0,129.7,100.0
129.71605777740479,106.0,129.8,100.0
129.81730389595032,106.0,129.9,100.0
129.91558980941772,104.0,130.0,100.0
130.01614785194397,106.0,131.0,100.0
130.11662006378174,106.0,,
130.21548700332642,106.0,,
130.31628489494324,107.0,,
130.41604590415955,106.0,,
130.5155110359192,107.0,,
130.615984916687,107.0,,
130.7159309387207,107.0,,
130.8168158531189,107.0,,
130.9160499572754,109.0,,
131.01671886444092,107.0,,
