time[s],value[g],targetTime[g],target[g]
2.5033950805664062e-05,0.0,0.0,100.0
0.08373498916625977,0.0,0.1,100.0
0.16814899444580078,0.0,0.2,100.0
0.25074005126953125,0.0,0.3,100.0
0.3331780433654785,0.0,0.4,100.0
0.4166300296783447,0.0,0.5,100.0
0.5142302513122559,0.0,0.6,100.0
0.6151270866394043,0.0,0.7,100.0
0.7151150703430176,0.0,0.8,100.0
0.8151030540466309,0.0,0.9,100.0
0.914405107498169,0.0,1.0,100.0
1.0151009559631348,0.0,1.1,100.0
1.1144099235534668,0.0,1.2,100.0
1.2143940925598145,0.0,1.3,100.0
1.3151991367340088,0.0,1.4,100.0
1.415107250213623,0.0,1.5,100.0
1.5143022537231445,0.0,1.6,100.0
1.6143989562988281,0.0,1.7,100.0
1.715111255645752,0.0,1.8,100.0
1.8151280879974365,4.0,1.9,100.0
1.9151501655578613,40.0,2.0,100.0
2.0152292251586914,53.0,2.1,100.0
2.1145970821380615,68.0,2.2,100.0
2.2145841121673584,83.0,2.3,100.0
2.315124988555908,89.0,2.4,100.0
2.415126085281372,91.0,2.5,100.0
2.515160083770752,97.0,2.6,100.0
2.6151950359344482,100.0,2.7,100.0
2.714433193206787,102.0,2.8,100.0
2.8144969940185547,116.0,2.9,100.0
2.9150960445404053,117.0,3.0,100.0
3.0144200325012207,87.0,3.1,100.0
3.1151580810546875,59.0,3.2,100.0
3.2151131629943848,28.0,3.3,100.0
3.31514310836792,17.0,3.4,100.0
3.4151339530944824,8.0,3.5,100.0
3.515141010284424,4.0,3.6,100.0
3.6151010990142822,2.0,3.7,100.0
3.7151360511779785,2.0,3.8,100.0
3.8145201206207275,0.0,3.9,100.0
3.9144821166992188,2.0,4.0,100.0
4.014506101608276,0.0,4.1,100.0
4.115137100219727,2.0,4.2,100.0
4.214598178863525,2.0,4.3,100.0
4.314504146575928,2.0,4.4,100.0
4.415117025375366,2.0,4.5,100.0
4.514510154724121,2.0,4.6,100.0
4.614567041397095,2.0,4.7,100.0
4.71449613571167,4.0,4.8,100.0
4.814486980438232,4.0,4.9,100.0
4.915160179138184,4.0,5.0,100.0
5.014491081237793,4.0,5.1,100.0
5.115149021148682,4.0,5.2,100.0
5.214576244354248,4.0,5.3,100.0
5.315123081207275,4.0,5.4,100.0
5.415140151977539,6.0,5.5,100.0
5.514638900756836,6.0,5.6,100.0
5.614528179168701,4.0,5.7,100.0
5.715152025222778,6.0,5.8,100.0
5.815103054046631,6.0,5.9,100.0
5.91453218460083,8.0,6.0,100.0
6.014599084854126,6.0,6.1,100.0
6.1151442527771,6.0,6.2,100.0
6.214600086212158,6.0,6.3,100.0
6.315136909484863,6.0,6.4,100.0
6.414646148681641,6.0,6.5,100.0
6.515094041824341,6.0,6.6,100.0
6.614622116088867,6.0,6.7,100.0
6.714646100997925,6.0,6.8,100.0
6.815114974975586,6.0,6.9,100.0
6.914612054824829,6.0,7.0,100.0
7.015120029449463,6.0,7.1,100.0
7.115102052688599,6.0,7.2,100.0
7.215135097503662,6.0,7.3,100.0
7.314695119857788,6.0,7.4,100.0
7.415088176727295,6.0,7.5,100.0
7.515271186828613,6.0,7.6,100.0
7.6151111125946045,8.0,7.7,100.0
7.714677095413208,8.0,7.8,100.0
7.814693927764893,8.0,7.9,100.0
7.914712905883789,8.0,8.0,100.0
8.01465892791748,9.0,8.1,100.0
8.114724159240723,9.0,8.2,100.0
8.214721202850342,13.0,8.3,100.0
8.314711093902588,28.0,8.4,100.0
8.414699077606201,45.0,8.5,100.0
8.514784097671509,62.0,8.6,100.0
8.615163087844849,70.0,8.7,100.0
8.714746952056885,70.0,8.8,100.0
8.815218925476074,70.0,8.9,100.0
8.915141105651855,74.0,9.0,100.0
9.014722108840942,74.0,9.1,100.0
9.11479902267456,74.0,9.2,100.0
9.214792251586914,106.0,9.3,100.0
9.315145015716553,106.0,9.4,100.0
9.414844989776611,110.0,9.5,100.0
9.515090942382812,119.0,9.6,100.0
9.615146160125732,89.0,9.7,100.0
9.71493411064148,59.0,9.8,100.0
9.814754009246826,42.0,9.9,100.0
9.915322065353394,38.0,10.0,100.0
10.015136241912842,38.0,10.1,100.0
10.115171909332275,38.0,10.2,100.0
10.214824199676514,38.0,10.3,100.0
10.314946174621582,38.0,10.4,100.0
10.415092945098877,38.0,10.5,100.0
10.514853954315186,38.0,10.6,100.0
10.61461591720581,38.0,10.7,100.0
10.715110063552856,38.0,10.8,100.0
10.814825057983398,38.0,10.9,100.0
10.914882183074951,38.0,11.0,100.0
11.015095233917236,38.0,11.1,100.0
11.114453077316284,38.0,11.2,100.0
11.214924097061157,38.0,11.3,100.0
11.314870119094849,38.0,11.4,100.0
11.414883136749268,38.0,11.5,100.0
11.514939069747925,38.0,11.6,100.0
11.6151442527771,38.0,11.7,101.0
11.715164184570312,36.0,11.8,102.0
11.815001010894775,38.0,11.9,103.0
11.914868116378784,38.0,12.0,104.0
12.01493215560913,38.0,12.1,105.0
12.115005016326904,38.0,12.2,106.0
12.214675903320312,38.0,12.3,107.0
12.31499719619751,38.0,12.4,108.0
12.415241241455078,38.0,12.5,109.0
12.515083074569702,38.0,12.6,110.0
12.614981174468994,38.0,12.7,111.0
12.71501612663269,38.0,12.8,112.0
12.814945220947266,38.0,12.9,113.0
12.91516923904419,38.0,13.0,114.0
13.014936923980713,38.0,13.1,115.0
13.114201068878174,38.0,13.2,116.0
13.21501612663269,38.0,13.3,117.0
13.315057039260864,38.0,13.4,118.0
13.415089130401611,38.0,13.5,119.0
13.515026092529297,38.0,13.6,120.0
13.615140914916992,38.0,13.7,121.0
13.714907169342041,38.0,13.8,122.0
13.815129041671753,38.0,13.9,123.0
13.915174007415771,38.0,14.0,124.0
14.015099048614502,42.0,14.1,125.0
14.11512804031372,57.0,14.2,126.0
14.215235233306885,78.0,14.3,127.0
14.31505298614502,104.0,14.4,128.0
14.415128231048584,119.0,14.5,129.0
14.515183925628662,121.0,14.6,130.0
14.615143060684204,129.0,14.7,130.0
14.715135097503662,129.0,14.8,130.0
14.815205097198486,123.0,14.9,130.0
14.915030002593994,97.0,15.0,130.0
15.015160083770752,95.0,15.1,130.0
15.11513900756836,112.0,15.2,130.0
15.21512222290039,110.0,15.3,130.0
15.315184116363525,110.0,15.4,130.0
15.41522216796875,106.0,15.5,130.0
15.515108108520508,106.0,15.6,130.0
15.615149021148682,106.0,15.7,130.0
15.7151780128479,106.0,15.8,130.0
15.81510591506958,106.0,15.9,130.0
15.915157079696655,106.0,16.0,130.0
16.01519012451172,106.0,16.1,130.0
16.11514711380005,108.0,16.2,130.0
16.21515202522278,106.0,16.3,130.0
16.31528615951538,106.0,16.4,130.0
16.41512107849121,106.0,16.5,130.0
16.51514720916748,106.0,16.6,130.0
16.615190982818604,106.0,16.7,130.0
16.715097904205322,106.0,16.8,130.0
16.81525206565857,106.0,16.9,130.0
16.91520118713379,106.0,17.0,130.0
17.01510000228882,106.0,17.1,130.0
17.115196228027344,106.0,17.2,130.0
17.215209007263184,106.0,17.3,130.0
17.315099239349365,110.0,17.4,130.0
17.41514492034912,112.0,17.5,130.0
17.515210151672363,112.0,17.6,130.0
17.615183115005493,112.0,17.7,131.0
17.715164184570312,110.0,17.8,132.0
17.815221071243286,110.0,17.9,133.0
17.915120124816895,110.0,18.0,134.0
18.01513409614563,110.0,18.1,135.0
18.115294933319092,110.0,18.2,136.0
18.215267181396484,110.0,18.3,137.0
18.31524419784546,108.0,18.4,138.0
18.41523003578186,108.0,18.5,139.0
18.51515293121338,110.0,18.6,140.0
18.615156173706055,110.0,18.7,141.0
18.71521806716919,108.0,18.8,142.0
18.815150022506714,110.0,18.9,143.0
18.914791107177734,110.0,19.0,144.0
19.015186071395874,108.0,19.1,145.0
19.115106105804443,108.0,19.2,146.0
19.215134143829346,108.0,19.3,147.0
19.315205097198486,108.0,19.4,148.0
19.415151119232178,104.0,19.5,149.0
19.51520824432373,106.0,19.6,150.0
19.61519718170166,106.0,19.7,151.0
19.7151141166687,106.0,19.8,152.0
19.815145015716553,106.0,19.9,153.0
19.91477918624878,106.0,20.0,154.0
20.015095233917236,106.0,20.1,155.0
20.11527919769287,108.0,20.2,156.0
20.215292930603027,106.0,20.3,157.0
20.315072059631348,106.0,20.4,158.0
20.415125131607056,106.0,20.5,159.0
20.51524591445923,106.0,20.6,160.0
20.615193128585815,106.0,20.7,160.0
20.71522808074951,106.0,20.8,160.0
20.81521701812744,106.0,20.9,160.0
20.91510009765625,106.0,21.0,160.0
21.014853954315186,106.0,21.1,160.0
21.11521625518799,106.0,21.2,160.0
21.215144157409668,106.0,21.3,160.0
21.315136909484863,106.0,21.4,160.0
21.415206909179688,106.0,21.5,160.0
21.514410972595215,106.0,21.6,160.0
21.61511206626892,104.0,21.7,160.0
21.715188026428223,106.0,21.8,160.0
21.815124988555908,106.0,21.9,160.0
21.915119171142578,106.0,22.0,160.0
22.015310049057007,106.0,22.1,160.0
22.115122079849243,108.0,22.2,160.0
22.215131044387817,110.0,22.3,160.0
22.315264225006104,112.0,22.4,160.0
22.41512107849121,123.0,22.5,160.0
22.515653133392334,117.0,22.6,160.0
22.61513900756836,117.0,22.7,160.0
22.715117931365967,121.0,22.8,160.0
22.815243244171143,121.0,22.9,160.0
22.9151771068573,121.0,23.0,160.0
23.015075206756592,129.0,23.1,160.0
23.115122079849243,131.0,23.2,160.0
23.21519112586975,131.0,23.3,160.0
23.315083026885986,133.0,23.4,160.0
23.415142059326172,131.0,23.5,160.0
23.51519203186035,134.0,23.6,160.0
23.615097999572754,134.0,23.7,161.0
23.715138912200928,136.0,23.8,162.0
23.81516408920288,140.0,23.9,163.0
23.915131092071533,153.0,24.0,164.0
24.015197038650513,153.0,24.1,165.0
24.115206241607666,153.0,24.2,166.0
24.215100049972534,167.0,24.3,167.0
24.315139055252075,169.0,24.4,168.0
24.41518497467041,189.0,24.5,169.0
24.515109062194824,197.0,24.6,170.0
24.61511993408203,174.0,24.7,171.0
24.71521520614624,127.0,24.8,172.0
24.815073013305664,64.0,24.9,173.0
24.91519808769226,47.0,25.0,174.0
25.01520013809204,44.0,25.1,175.0
25.1151442527771,44.0,25.2,176.0
25.21512007713318,44.0,25.3,177.0
25.31523609161377,44.0,25.4,178.0
25.415120124816895,42.0,25.5,179.0
25.515116214752197,42.0,25.6,180.0
25.615154027938843,42.0,25.7,181.0
25.715301990509033,40.0,25.8,182.0
25.815129041671753,40.0,25.9,183.0
25.915184020996094,38.0,26.0,184.0
26.015128135681152,40.0,26.1,185.0
26.115196228027344,42.0,26.2,186.0
26.215205192565918,40.0,26.3,187.0
26.31513214111328,42.0,26.4,188.0
26.415213108062744,44.0,26.5,189.0
26.515252113342285,44.0,26.6,190.0
26.615140914916992,42.0,26.7,190.0
26.715129137039185,42.0,26.8,190.0
26.81518006324768,42.0,26.9,190.0
26.91508197784424,42.0,27.0,190.0
27.015125036239624,44.0,27.1,190.0
27.11518621444702,44.0,27.2,190.0
27.21514105796814,44.0,27.3,190.0
27.315189123153687,44.0,27.4,190.0
27.414756059646606,42.0,27.5,190.0
27.515079021453857,42.0,27.6,190.0
27.615132093429565,42.0,27.7,190.0
27.7152419090271,44.0,27.8,190.0
27.815081119537354,44.0,27.9,190.0
27.91514015197754,44.0,28.0,190.0
28.01514720916748,44.0,28.1,190.0
28.115111112594604,44.0,28.2,190.0
28.2151141166687,44.0,28.3,190.0
28.31519603729248,44.0,28.4,190.0
28.4151029586792,44.0,28.5,190.0
28.51516604423523,44.0,28.6,190.0
28.615221977233887,44.0,28.7,190.0
28.715229034423828,70.0,28.8,190.0
28.815118074417114,93.0,28.9,190.0
28.915153980255127,110.0,29.0,190.0
29.01509714126587,129.0,29.1,190.0
29.11511206626892,129.0,29.2,190.0
29.21519112586975,129.0,29.3,190.0
29.315181255340576,140.0,29.4,190.0
29.415225982666016,142.0,29.5,190.0
29.515319108963013,144.0,29.6,190.0
29.615272045135498,144.0,29.7,191.0
29.71528196334839,146.0,29.8,192.0
29.815375089645386,148.0,29.9,193.0
29.915252208709717,146.0,30.0,194.0
30.01597499847412,155.0,30.1,195.0
30.115417957305908,159.0,30.2,196.0
30.215254068374634,170.0,30.3,197.0
30.31523323059082,170.0,30.4,198.0
30.4152569770813,180.0,30.5,199.0
30.515131950378418,205.0,30.6,200.0
30.61513614654541,195.0,30.7,201.0
30.715216159820557,199.0,30.8,202.0
30.815113067626953,201.0,30.9,203.0
30.91516399383545,182.0,31.0,204.0
31.01515507698059,102.0,31.1,205.0
31.11505699157715,59.0,31.2,206.0
31.21516704559326,55.0,31.3,207.0
31.31524419784546,51.0,31.4,208.0
31.415056228637695,47.0,31.5,209.0
31.515111923217773,47.0,31.6,210.0
31.615217208862305,45.0,31.7,211.0
31.715084075927734,47.0,31.8,212.0
31.815043926239014,47.0,31.9,213.0
31.915109157562256,47.0,32.0,214.0
32.015089988708496,47.0,32.1,215.0
32.11512112617493,47.0,32.2,216.0
32.215142250061035,47.0,32.3,217.0
32.31503391265869,47.0,32.4,218.0
32.41509413719177,47.0,32.5,219.0
32.515141010284424,47.0,32.6,220.0
32.61507701873779,47.0,32.7,220.0
32.71512317657471,45.0,32.8,220.0
32.81517004966736,47.0,32.9,220.0
32.91509509086609,45.0,33.0,220.0
33.015089988708496,45.0,33.1,220.0
33.11513090133667,45.0,33.2,220.0
33.215081214904785,45.0,33.3,220.0
33.31509304046631,47.0,33.4,220.0
33.41516590118408,45.0,33.5,220.0
33.515060901641846,45.0,33.6,220.0
33.615139961242676,45.0,33.7,220.0
33.715161085128784,45.0,33.8,220.0
33.815062046051025,45.0,33.9,220.0
33.915231227874756,45.0,34.0,220.0
34.01533007621765,45.0,34.1,220.0
34.11517095565796,45.0,34.2,220.0
34.21509599685669,45.0,34.3,220.0
34.31438207626343,45.0,34.4,220.0
34.41506624221802,47.0,34.5,220.0
34.51520919799805,57.0,34.6,220.0
34.615159034729004,89.0,34.7,220.0
34.71509504318237,114.0,34.8,220.0
34.815104961395264,114.0,34.9,220.0
34.91472506523132,133.0,35.0,220.0
35.015082120895386,150.0,35.1,220.0
35.11508512496948,157.0,35.2,220.0
35.21516013145447,182.0,35.3,220.0
35.31508493423462,195.0,35.4,220.0
35.41509819030762,189.0,35.5,220.0
35.51513409614563,197.0,35.6,220.0
35.615103244781494,208.0,35.7,221.0
35.715089082717896,206.0,35.8,222.0
35.815163135528564,214.0,35.9,223.0
35.91507291793823,220.0,36.0,224.0
36.01526594161987,223.0,36.1,225.0
36.11516523361206,225.0,36.2,226.0
36.21519613265991,225.0,36.3,227.0
36.31512498855591,222.0,36.4,228.0
36.415173053741455,222.0,36.5,229.0
36.51520299911499,218.0,36.6,230.0
36.61509990692139,229.0,36.7,231.0
36.715145111083984,244.0,36.8,232.0
36.81506299972534,244.0,36.9,233.0
36.91509819030762,241.0,37.0,234.0
37.01515007019043,246.0,37.1,235.0
37.115074157714844,259.0,37.2,236.0
37.21512413024902,284.0,37.3,237.0
37.31516408920288,297.0,37.4,238.0
37.41506814956665,288.0,37.5,239.0
37.51506996154785,288.0,37.6,240.0
37.61514902114868,258.0,37.7,241.0
37.71449899673462,116.0,37.8,242.0
37.81508708000183,80.0,37.9,243.0
37.915168046951294,78.0,38.0,244.0
38.01506519317627,81.0,38.1,245.0
38.11508321762085,81.0,38.2,246.0
38.215142250061035,104.0,38.3,247.0
38.315114974975586,100.0,38.4,248.0
38.415088176727295,100.0,38.5,249.0
38.51514410972595,117.0,38.6,250.0
38.61505699157715,203.0,38.7,250.0
38.71508598327637,297.0,38.8,250.0
38.81536293029785,314.0,38.9,250.0
38.915067195892334,335.0,39.0,250.0
39.01507616043091,331.0,39.1,250.0
39.115148067474365,282.0,39.2,250.0
39.215100049972534,136.0,39.3,250.0
39.315091133117676,66.0,39.4,250.0
39.415223121643066,38.0,39.5,250.0
39.5151162147522,30.0,39.6,250.0
39.615135192871094,40.0,39.7,250.0
39.71447205543518,42.0,39.8,250.0
39.81509590148926,47.0,39.9,250.0
39.9151291847229,47.0,40.0,250.0
40.01516819000244,57.0,40.1,250.0
40.11514902114868,53.0,40.2,250.0
40.21508312225342,53.0,40.3,250.0
40.315114974975586,57.0,40.4,250.0
40.415213108062744,59.0,40.5,250.0
40.51511096954346,64.0,40.6,250.0
40.61510419845581,64.0,40.7,250.0
40.71506118774414,76.0,40.8,250.0
40.81508207321167,76.0,40.9,250.0
40.91512393951416,76.0,41.0,250.0
41.015085220336914,87.0,41.1,250.0
41.11513423919678,81.0,41.2,250.0
41.21518516540527,78.0,41.3,250.0
41.31510591506958,80.0,41.4,250.0
41.415103912353516,87.0,41.5,250.0
41.515138149261475,81.0,41.6,250.0
41.61510992050171,62.0,41.7,251.0
41.715206146240234,55.0,41.8,252.0
41.81513690948486,51.0,41.9,253.0
41.915059089660645,55.0,42.0,254.0
42.0141761302948,61.0,42.1,255.0
42.11511516571045,62.0,42.2,256.0
42.21506118774414,64.0,42.3,257.0
42.315064907073975,74.0,42.4,258.0
42.41475009918213,76.0,42.5,259.0
42.51506519317627,98.0,42.6,260.0
42.61509609222412,129.0,42.7,261.0
42.71511912345886,152.0,42.8,262.0
42.81505298614502,155.0,42.9,263.0
42.91507005691528,159.0,43.0,264.0
43.01508617401123,159.0,43.1,265.0
43.11504912376404,165.0,43.2,266.0
43.21520805358887,180.0,43.3,267.0
43.315091133117676,180.0,43.4,268.0
43.41504907608032,180.0,43.5,269.0
43.51507520675659,182.0,43.6,270.0
43.615118980407715,187.0,43.7,271.0
43.71513795852661,187.0,43.8,272.0
43.81509709358215,187.0,43.9,273.0
43.91506910324097,187.0,44.0,274.0
44.01506209373474,191.0,44.1,275.0
44.11507511138916,201.0,44.2,276.0
44.21511793136597,201.0,44.3,277.0
44.31517696380615,203.0,44.4,278.0
44.41510820388794,210.0,44.5,279.0
44.515074253082275,214.0,44.6,280.0
44.61506414413452,214.0,44.7,280.0
44.71509790420532,216.0,44.8,280.0
44.815078020095825,214.0,44.9,280.0
44.91504192352295,222.0,45.0,280.0
45.0151150226593,225.0,45.1,280.0
45.11507606506348,233.0,45.2,280.0
45.21502113342285,239.0,45.3,280.0
45.31515407562256,231.0,45.4,280.0
45.415075063705444,231.0,45.5,280.0
45.51501512527466,233.0,45.6,280.0
45.615055084228516,233.0,45.7,280.0
45.715177059173584,235.0,45.8,280.0
45.81504201889038,237.0,45.9,280.0
45.91511821746826,248.0,46.0,280.0
46.015037059783936,248.0,46.1,280.0
46.115029096603394,244.0,46.2,280.0
46.21518611907959,246.0,46.3,280.0
46.3150691986084,246.0,46.4,280.0
46.41503620147705,250.0,46.5,280.0
46.51505899429321,252.0,46.6,280.0
46.61506223678589,252.0,46.7,280.0
46.71503400802612,254.0,46.8,280.0
46.8151159286499,254.0,46.9,280.0
46.91505312919617,254.0,47.0,280.0
47.01507306098938,256.0,47.1,280.0
47.11507797241211,261.0,47.2,280.0
47.21507024765015,265.0,47.3,280.0
47.315073013305664,265.0,47.4,280.0
47.415088176727295,269.0,47.5,280.0
47.515053033828735,267.0,47.6,280.0
47.615039110183716,265.0,47.7,281.0
47.71509790420532,265.0,47.8,282.0
47.81505298614502,267.0,47.9,283.0
47.91500520706177,269.0,48.0,284.0
48.01508903503418,269.0,48.1,285.0
48.115084171295166,269.0,48.2,286.0
48.215177059173584,269.0,48.3,287.0
48.3150749206543,269.0,48.4,288.0
48.41506505012512,271.0,48.5,289.0
48.51500415802002,273.0,48.6,290.0
48.615132093429565,275.0,48.7,291.0
48.71506118774414,275.0,48.8,292.0
48.815038204193115,275.0,48.9,293.0
48.91507411003113,275.0,49.0,294.0
49.01510810852051,277.0,49.1,295.0
49.11500406265259,286.0,49.2,296.0
49.2150502204895,284.0,49.3,297.0
49.31506013870239,282.0,49.4,298.0
49.41503715515137,282.0,49.5,299.0
49.51504421234131,280.0,49.6,300.0
49.61505699157715,280.0,49.7,301.0
49.715035915374756,280.0,49.8,302.0
49.815049171447754,280.0,49.9,303.0
49.91518712043762,280.0,50.0,304.0
50.015125036239624,280.0,50.1,305.0
50.11510610580444,280.0,50.2,306.0
50.215044021606445,282.0,50.3,307.0
50.3150360584259,280.0,50.4,308.0
50.415048122406006,282.0,50.5,309.0
50.51504993438721,280.0,50.6,310.0
50.61503505706787,280.0,50.7,310.0
50.715084075927734,280.0,50.8,310.0
50.81509804725647,278.0,50.9,310.0
50.91504192352295,280.0,51.0,310.0
51.01510310173035,278.0,51.1,310.0
51.11506009101868,280.0,51.2,310.0
51.21507906913757,280.0,51.3,310.0
51.31510305404663,280.0,51.4,310.0
51.41510009765625,278.0,51.5,310.0
51.5151641368866,280.0,51.6,310.0
51.61509108543396,280.0,51.7,310.0
51.71505808830261,280.0,51.8,310.0
51.81506299972534,280.0,51.9,310.0
51.91527009010315,280.0,52.0,310.0
52.01518201828003,280.0,52.1,310.0
52.11517524719238,280.0,52.2,310.0
52.21516013145447,280.0,52.3,310.0
52.31506609916687,280.0,52.4,310.0
52.41504406929016,280.0,52.5,310.0
52.515125036239624,280.0,52.6,310.0
52.61506414413452,280.0,52.7,310.0
52.71504592895508,280.0,52.8,310.0
52.815059185028076,280.0,52.9,310.0
52.915099143981934,277.0,53.0,310.0
53.01504111289978,277.0,53.1,310.0
53.11504411697388,278.0,53.2,310.0
53.21506404876709,278.0,53.3,310.0
53.31505107879639,278.0,53.4,310.0
53.41510725021362,275.0,53.5,310.0
53.515082120895386,277.0,53.6,310.0
53.61506509780884,277.0,53.7,311.0
53.715060234069824,277.0,53.8,312.0
53.81521701812744,278.0,53.9,313.0
53.91503715515137,277.0,54.0,314.0
54.015132904052734,278.0,54.1,315.0
54.115135192871094,277.0,54.2,316.0
54.21505117416382,277.0,54.3,317.0
54.31513810157776,277.0,54.4,318.0
54.415059089660645,277.0,54.5,319.0
54.5150511264801,277.0,54.6,320.0
54.615066051483154,271.0,54.7,321.0
54.71506118774414,271.0,54.8,322.0
54.815030097961426,278.0,54.9,323.0
54.91515922546387,278.0,55.0,324.0
55.01506304740906,282.0,55.1,325.0
55.11504507064819,282.0,55.2,326.0
55.21507120132446,280.0,55.3,327.0
55.31508493423462,280.0,55.4,328.0
55.415019035339355,278.0,55.5,329.0
55.51510000228882,282.0,55.6,330.0
55.6150541305542,282.0,55.7,331.0
55.715041160583496,282.0,55.8,332.0
55.81509709358215,282.0,55.9,333.0
55.91506505012512,282.0,56.0,334.0
56.015141010284424,282.0,56.1,335.0
56.115150928497314,282.0,56.2,336.0
56.21509122848511,282.0,56.3,337.0
56.3150691986084,282.0,56.4,338.0
56.41509199142456,278.0,56.5,339.0
56.515079975128174,282.0,56.6,340.0
56.61504507064819,282.0,56.7,340.0
56.715113162994385,286.0,56.8,340.0
56.81509208679199,301.0,56.9,340.0
56.915040016174316,299.0,57.0,340.0
57.01511001586914,294.0,57.1,340.0
57.11506795883179,295.0,57.2,340.0
57.215047121047974,297.0,57.3,340.0
57.315120220184326,299.0,57.4,340.0
57.415218114852905,299.0,57.5,340.0
57.51503896713257,312.0,57.6,340.0
57.615052223205566,314.0,57.7,340.0
57.71514010429382,314.0,57.8,340.0
57.81504821777344,314.0,57.9,340.0
57.91511511802673,316.0,58.0,340.0
58.015077114105225,316.0,58.1,340.0
58.11504006385803,316.0,58.2,340.0
58.215126037597656,318.0,58.3,340.0
58.31509304046631,322.0,58.4,340.0
58.41506910324097,330.0,58.5,340.0
58.515056133270264,330.0,58.6,340.0
58.615057945251465,330.0,58.7,340.0
58.71519708633423,324.0,58.8,340.0
58.81505513191223,324.0,58.9,340.0
58.91505813598633,333.0,59.0,340.0
59.01506209373474,331.0,59.1,340.0
59.115092039108276,320.0,59.2,340.0
59.215060234069824,312.0,59.3,340.0
59.3150110244751,195.0,59.4,340.0
59.41511917114258,169.0,59.5,340.0
59.51506996154785,172.0,59.6,340.0
59.61501407623291,244.0,59.7,341.0
59.71509504318237,248.0,59.8,342.0
59.81509017944336,246.0,59.9,343.0
59.91499423980713,259.0,60.0,344.0
60.01515197753906,275.0,60.1,345.0
60.11507606506348,301.0,60.2,346.0
60.21504592895508,345.0,60.3,347.0
60.3150520324707,360.0,60.4,348.0
60.41514015197754,360.0,60.5,349.0
60.515013217926025,360.0,60.6,350.0
60.615169048309326,330.0,60.7,351.0
60.71505904197693,328.0,60.8,352.0
60.81506299972534,153.0,60.9,353.0
60.91504621505737,116.0,61.0,354.0
61.0150580406189,148.0,61.1,355.0
61.11502408981323,100.0,61.2,356.0
61.21504497528076,81.0,61.3,357.0
61.31506705284119,83.0,61.4,358.0
61.4150390625,85.0,61.5,359.0
61.51508903503418,97.0,61.6,360.0
61.6150541305542,150.0,61.7,361.0
61.71504211425781,210.0,61.8,362.0
61.8151330947876,233.0,61.9,363.0
61.915048122406006,265.0,62.0,364.0
62.015037059783936,309.0,62.1,365.0
62.11508321762085,307.0,62.2,366.0
62.215047121047974,328.0,62.3,367.0
62.314980030059814,328.0,62.4,368.0
62.41504406929016,328.0,62.5,369.0
62.51506423950195,328.0,62.6,370.0
62.61503219604492,330.0,62.7,370.0
62.71509408950806,330.0,62.8,370.0
62.815093994140625,339.0,62.9,370.0
62.91501808166504,339.0,63.0,370.0
63.015082120895386,345.0,63.1,370.0
63.11511707305908,354.0,63.2,370.0
63.21500015258789,348.0,63.3,370.0
63.31504821777344,347.0,63.4,370.0
63.41504192352295,347.0,63.5,370.0
63.51502203941345,348.0,63.6,370.0
63.61457109451294,348.0,63.7,370.0
63.715047121047974,350.0,63.8,370.0
63.81496715545654,348.0,63.9,370.0
63.91502618789673,348.0,64.0,370.0
64.01504302024841,350.0,64.1,370.0
64.11505007743835,356.0,64.2,370.0
64.2150239944458,356.0,64.3,370.0
64.31508493423462,356.0,64.4,370.0
64.41503190994263,358.0,64.5,370.0
64.51508402824402,362.0,64.6,370.0
64.61507797241211,360.0,64.7,370.0
64.71501398086548,364.0,64.8,370.0
64.81503200531006,364.0,64.9,370.0
64.91516590118408,364.0,65.0,370.0
65.01502013206482,366.0,65.1,370.0
65.11512613296509,364.0,65.2,370.0
65.21503925323486,364.0,65.3,370.0
65.3145010471344,364.0,65.4,370.0
65.4150619506836,364.0,65.5,370.0
65.51505899429321,364.0,65.6,370.0
65.6150279045105,364.0,65.7,371.0
65.715017080307,364.0,65.8,372.0
65.81503820419312,364.0,65.9,373.0
65.91502714157104,364.0,66.0,374.0
66.01507902145386,364.0,66.1,375.0
66.11505222320557,364.0,66.2,376.0
66.21429491043091,364.0,66.3,377.0
66.31507110595703,364.0,66.4,378.0
66.41503810882568,364.0,66.5,379.0
66.51504421234131,364.0,66.6,380.0
66.61507225036621,366.0,66.7,381.0
66.71503710746765,366.0,66.8,382.0
66.81502103805542,366.0,66.9,383.0
66.91506004333496,366.0,67.0,384.0
67.01503705978394,366.0,67.1,385.0
67.11502122879028,366.0,67.2,386.0
67.21506309509277,369.0,67.3,387.0
67.31507205963135,371.0,67.4,388.0
67.4150619506836,373.0,67.5,389.0
67.51507997512817,373.0,67.6,390.0
67.61508417129517,375.0,67.7,391.0
67.71506595611572,375.0,67.8,392.0
67.81444501876831,375.0,67.9,393.0
67.91504502296448,377.0,68.0,394.0
68.0151641368866,379.0,68.1,395.0
68.1151990890503,379.0,68.2,396.0
68.21526193618774,377.0,68.3,397.0
68.31506299972534,377.0,68.4,398.0
68.41503524780273,377.0,68.5,399.0
68.51501703262329,377.0,68.6,400.0
68.61501216888428,377.0,68.7,400.0
68.71505403518677,373.0,68.8,400.0
68.81504917144775,373.0,68.9,400.0
68.9150619506836,373.0,69.0,400.0
69.01503324508667,373.0,69.1,400.0
69.11447405815125,373.0,69.2,400.0
69.21502494812012,373.0,69.3,400.0
69.31508302688599,375.0,69.4,400.0
69.41511702537537,373.0,69.5,400.0
69.51502323150635,373.0,69.6,400.0
69.61502599716187,373.0,69.7,400.0
69.71502590179443,373.0,69.8,400.0
69.81499004364014,373.0,69.9,400.0
69.9151120185852,373.0,70.0,400.0
70.0153021812439,373.0,70.1,400.0
70.11545896530151,373.0,70.2,400.0
70.21521806716919,373.0,70.3,400.0
70.31510305404663,373.0,70.4,400.0
70.41516709327698,371.0,70.5,400.0
70.51525712013245,373.0,70.6,400.0
70.61516094207764,375.0,70.7,400.0
70.71516108512878,377.0,70.8,400.0
70.81518316268921,377.0,70.9,400.0
70.91513705253601,379.0,71.0,400.0
71.0150990486145,377.0,71.1,400.0
71.11522817611694,377.0,71.2,400.0
71.21509122848511,379.0,71.3,400.0
71.31503009796143,377.0,71.4,400.0
71.41507625579834,379.0,71.5,400.0
71.51502704620361,377.0,71.6,399.0
71.61501598358154,377.0,71.7,398.0
71.71500205993652,377.0,71.8,397.0
71.81504392623901,371.0,71.9,396.0
71.91468000411987,373.0,72.0,395.0
72.01499223709106,373.0,72.1,394.0
72.11502408981323,373.0,72.2,393.0
72.215008020401,373.0,72.3,392.0
72.31505107879639,371.0,72.4,391.0
72.41509914398193,371.0,72.5,390.0
72.51502799987793,373.0,72.6,389.0
72.61503005027771,373.0,72.7,388.0
72.7151210308075,373.0,72.8,387.0
72.81503009796143,375.0,72.9,386.0
72.91466093063354,375.0,73.0,385.0
73.01503109931946,377.0,73.1,384.0
73.11501812934875,375.0,73.2,383.0
73.21508002281189,377.0,73.3,382.0
73.31502723693848,377.0,73.4,381.0
73.41473817825317,379.0,73.5,380.0
73.51505422592163,377.0,73.6,379.0
73.61502504348755,379.0,73.7,378.0
73.71515011787415,379.0,73.8,377.0
73.81503295898438,379.0,73.9,376.0
73.91501712799072,377.0,74.0,375.0
74.01500225067139,377.0,74.1,374.0
74.1150312423706,377.0,74.2,373.0
74.21502590179443,377.0,74.3,372.0
74.31502509117126,377.0,74.4,371.0
74.41512203216553,377.0,74.5,370.0
74.5150351524353,379.0,74.6,370.0
74.6150131225586,377.0,74.7,370.0
74.71503806114197,377.0,74.8,370.0
74.81504106521606,377.0,74.9,370.0
74.91499614715576,375.0,75.0,370.0
75.01503109931946,375.0,75.1,370.0
75.11504220962524,375.0,75.2,370.0
75.21501207351685,375.0,75.3,370.0
75.31504511833191,373.0,75.4,370.0
75.41503715515137,375.0,75.5,370.0
75.51501798629761,375.0,75.6,370.0
75.61501693725586,375.0,75.7,370.0
75.71504712104797,375.0,75.8,370.0
75.81501507759094,371.0,75.9,370.0
75.91502213478088,371.0,76.0,370.0
76.01499605178833,371.0,76.1,370.0
76.11501693725586,371.0,76.2,370.0
76.21506118774414,371.0,76.3,370.0
76.31504821777344,371.0,76.4,370.0
76.41482591629028,369.0,76.5,370.0
76.51505899429321,369.0,76.6,370.0
76.61514806747437,369.0,76.7,370.0
76.7150239944458,369.0,76.8,370.0
76.81506395339966,367.0,76.9,370.0
76.91491508483887,366.0,77.0,370.0
77.01503109931946,366.0,77.1,370.0
77.11506795883179,366.0,77.2,370.0
77.21502804756165,366.0,77.3,370.0
77.31427812576294,366.0,77.4,370.0
77.41501522064209,366.0,77.5,370.0
77.51502323150635,366.0,77.6,369.0
77.61503601074219,366.0,77.7,368.0
77.71507215499878,364.0,77.8,367.0
77.81502413749695,366.0,77.9,366.0
77.91499423980713,366.0,78.0,365.0
78.01504802703857,364.0,78.1,364.0
78.11502003669739,364.0,78.2,363.0
78.21503210067749,364.0,78.3,362.0
78.31514310836792,364.0,78.4,361.0
78.41501092910767,362.0,78.5,360.0
78.51500797271729,358.0,78.6,359.0
78.6151671409607,356.0,78.7,358.0
78.71505308151245,354.0,78.8,357.0
78.81500816345215,354.0,78.9,356.0
78.91417813301086,354.0,79.0,355.0
79.01510190963745,354.0,79.1,354.0
79.11497116088867,352.0,79.2,353.0
79.21505403518677,354.0,79.3,352.0
79.31502604484558,354.0,79.4,351.0
79.41500520706177,354.0,79.5,350.0
79.51501512527466,354.0,79.6,349.0
79.61502599716187,354.0,79.7,348.0
79.71500492095947,354.0,79.8,347.0
79.81504201889038,356.0,79.9,346.0
79.9149820804596,356.0,80.0,345.0
80.01500701904297,356.0,80.1,344.0
80.11504316329956,356.0,80.2,343.0
80.2150149345398,358.0,80.3,342.0
80.31503820419312,358.0,80.4,341.0
80.41503405570984,360.0,80.5,340.0
80.51504707336426,360.0,80.6,340.0
80.61502003669739,362.0,80.7,340.0
80.71474123001099,364.0,80.8,340.0
80.81502103805542,364.0,80.9,340.0
80.91507196426392,364.0,81.0,340.0
81.01410603523254,364.0,81.1,340.0
81.11509323120117,364.0,81.2,340.0
81.2151210308075,362.0,81.3,340.0
81.31510925292969,360.0,81.4,340.0
81.41457009315491,358.0,81.5,340.0
81.51503324508667,356.0,81.6,340.0
81.61507797241211,358.0,81.7,340.0
81.71501803398132,356.0,81.8,340.0
81.81516313552856,356.0,81.9,340.0
81.9150562286377,356.0,82.0,340.0
82.01503419876099,356.0,82.1,340.0
82.11497592926025,356.0,82.2,340.0
82.21513509750366,358.0,82.3,340.0
82.31501722335815,358.0,82.4,340.0
82.41499304771423,358.0,82.5,340.0
82.51513719558716,360.0,82.6,340.0
82.61502122879028,358.0,82.7,340.0
82.71499300003052,352.0,82.8,340.0
82.81501507759094,354.0,82.9,340.0
82.9150230884552,354.0,83.0,340.0
83.01499104499817,354.0,83.1,340.0
83.11505508422852,348.0,83.2,340.0
83.2150149345398,348.0,83.3,340.0
83.31500005722046,350.0,83.4,340.0
83.41505408287048,352.0,83.5,340.0
83.51498222351074,352.0,83.6,339.0
83.61499905586243,352.0,83.7,338.0
83.71503591537476,352.0,83.8,337.0
83.81500291824341,352.0,83.9,336.0
83.91430711746216,352.0,84.0,335.0
84.0151481628418,352.0,84.1,334.0
84.11512112617493,352.0,84.2,333.0
84.21503496170044,350.0,84.3,332.0
84.31504106521606,350.0,84.4,331.0
84.41504716873169,350.0,84.5,330.0
84.51505708694458,350.0,84.6,329.0
84.61503791809082,352.0,84.7,328.0
84.71500611305237,352.0,84.8,327.0
84.81500911712646,350.0,84.9,326.0
84.91501212120056,352.0,85.0,325.0
85.01500415802002,352.0,85.1,324.0
85.11498594284058,350.0,85.2,323.0
85.21505212783813,350.0,85.3,322.0
85.31502103805542,350.0,85.4,321.0
85.41499090194702,352.0,85.5,320.0
85.51503324508667,356.0,85.6,319.0
85.61504411697388,352.0,85.7,318.0
85.71499705314636,352.0,85.8,317.0
85.81508302688599,354.0,85.9,316.0
85.91480112075806,354.0,86.0,315.0
86.01505303382874,354.0,86.1,314.0
86.11519813537598,352.0,86.2,313.0
86.21508812904358,352.0,86.3,312.0
86.31468296051025,352.0,86.4,311.0
86.41407012939453,354.0,86.5,310.0
86.5150420665741,352.0,86.6,310.0
86.6149890422821,350.0,86.7,310.0
86.7149920463562,350.0,86.8,310.0
86.81501007080078,350.0,86.9,310.0
86.91497993469238,352.0,87.0,310.0
87.01499891281128,350.0,87.1,310.0
87.11501502990723,352.0,87.2,310.0
87.21501111984253,352.0,87.3,310.0
87.3150281906128,352.0,87.4,310.0
87.41500210762024,352.0,87.5,310.0
87.51500010490417,350.0,87.6,310.0
87.61507892608643,348.0,87.7,310.0
87.71500396728516,350.0,87.8,310.0
87.81500291824341,350.0,87.9,310.0
87.91502618789673,352.0,88.0,310.0
88.0150089263916,350.0,88.1,310.0
88.11504006385803,350.0,88.2,310.0
88.21502113342285,352.0,88.3,310.0
88.31503915786743,352.0,88.4,310.0
88.41499614715576,348.0,88.5,310.0
88.51503992080688,345.0,88.6,310.0
88.61508321762085,347.0,88.7,310.0
88.71510124206543,347.0,88.8,310.0
88.81454706192017,348.0,88.9,310.0
88.91503095626831,347.0,89.0,310.0
89.01478719711304,347.0,89.1,310.0
89.11504602432251,347.0,89.2,310.0
89.2150011062622,347.0,89.3,310.0
89.31496906280518,347.0,89.4,310.0
89.41504406929016,345.0,89.5,310.0
89.5150420665741,347.0,89.6,309.0
89.61501502990723,347.0,89.7,308.0
89.71500706672668,347.0,89.8,307.0
89.8150110244751,345.0,89.9,306.0
89.91497802734375,345.0,90.0,305.0
90.0152759552002,348.0,90.1,304.0
90.11501407623291,345.0,90.2,303.0
90.21498107910156,347.0,90.3,302.0
90.31470608711243,347.0,90.4,301.0
90.41501307487488,347.0,90.5,300.0
90.51499104499817,347.0,90.6,299.0
90.61501812934875,347.0,90.7,298.0
90.71500611305237,345.0,90.8,297.0
90.81503510475159,345.0,90.9,296.0
90.91504192352295,343.0,91.0,295.0
91.01503705978394,339.0,91.1,294.0
91.11501407623291,335.0,91.2,293.0
91.2148609161377,331.0,91.3,292.0
91.31417894363403,328.0,91.4,291.0
91.41499996185303,328.0,91.5,290.0
91.51505422592163,328.0,91.6,289.0
91.61500024795532,326.0,91.7,288.0
91.71504020690918,326.0,91.8,287.0
91.81505107879639,326.0,91.9,286.0
91.91500306129456,328.0,92.0,285.0
92.01500010490417,328.0,92.1,284.0
92.11500692367554,328.0,92.2,283.0
92.21500015258789,328.0,92.3,282.0
92.31505298614502,326.0,92.4,281.0
92.41504192352295,328.0,92.5,280.0
92.51501321792603,324.0,92.6,280.0
92.61500692367554,328.0,92.7,280.0
92.71511697769165,326.0,92.8,280.0
92.81506824493408,326.0,92.9,280.0
92.9149751663208,322.0,93.0,280.0
93.01505899429321,320.0,93.1,280.0
93.11500692367554,320.0,93.2,280.0
93.21498394012451,322.0,93.3,280.0
93.31507396697998,322.0,93.4,280.0
93.4150562286377,320.0,93.5,280.0
93.51507711410522,322.0,93.6,280.0
93.61484909057617,320.0,93.7,280.0
93.7146201133728,318.0,93.8,280.0
93.81497812271118,314.0,93.9,280.0
93.91499614715576,314.0,94.0,280.0
94.01503324508667,312.0,94.1,280.0
94.11500120162964,311.0,94.2,280.0
94.21499013900757,311.0,94.3,280.0
94.3150749206543,309.0,94.4,280.0
94.4150071144104,312.0,94.5,280.0
94.51504898071289,305.0,94.6,280.0
94.61505913734436,301.0,94.7,280.0
94.71504306793213,303.0,94.8,280.0
94.8150520324707,305.0,94.9,280.0
94.91518497467041,305.0,95.0,280.0
95.0150420665741,307.0,95.1,280.0
95.11512517929077,303.0,95.2,280.0
95.215008020401,303.0,95.3,280.0
95.31505012512207,301.0,95.4,280.0
95.41510009765625,299.0,95.5,280.0
95.51501512527466,301.0,95.6,279.0
95.61504125595093,301.0,95.7,278.0
95.71504592895508,303.0,95.8,277.0
95.81505012512207,303.0,95.9,276.0
95.91504192352295,301.0,96.0,275.0
96.0150830745697,301.0,96.1,274.0
96.11506700515747,303.0,96.2,273.0
96.21451306343079,301.0,96.3,272.0
96.31507015228271,301.0,96.4,271.0
96.4150161743164,303.0,96.5,270.0
96.5150089263916,301.0,96.6,269.0
96.61508417129517,301.0,96.7,268.0
96.71503114700317,303.0,96.8,267.0
96.81501603126526,303.0,96.9,266.0
96.9150550365448,301.0,97.0,265.0
97.01500797271729,301.0,97.1,264.0
97.11504006385803,301.0,97.2,263.0
97.21505117416382,303.0,97.3,262.0
97.31501722335815,303.0,97.4,261.0
97.41499209403992,303.0,97.5,260.0
97.51504421234131,301.0,97.6,259.0
97.61501598358154,301.0,97.7,258.0
97.71499109268188,301.0,97.8,257.0
97.8150360584259,299.0,97.9,256.0
97.91504096984863,297.0,98.0,255.0
98.01503801345825,299.0,98.1,254.0
98.11507415771484,297.0,98.2,253.0
98.21505904197693,295.0,98.3,252.0
98.3150281906128,295.0,98.4,251.0
98.41507005691528,295.0,98.5,250.0
98.51503992080688,290.0,98.6,250.0
98.61479806900024,288.0,98.7,250.0
98.71415901184082,288.0,98.8,250.0
98.81521797180176,286.0,98.9,250.0
98.91502404212952,286.0,99.0,250.0
99.01504516601562,284.0,99.1,250.0
99.11500406265259,280.0,99.2,250.0
99.2150650024414,278.0,99.3,250.0
99.31510019302368,271.0,99.4,250.0
99.41500616073608,261.0,99.5,250.0
99.51505208015442,263.0,99.6,250.0
99.61509203910828,267.0,99.7,250.0
99.71506309509277,263.0,99.8,250.0
99.81444215774536,265.0,99.9,250.0
99.91505312919617,265.0,100.0,250.0
100.0152359008789,267.0,100.1,250.0
100.11503219604492,265.0,100.2,250.0
100.21504807472229,265.0,100.3,250.0
100.31503391265869,263.0,100.4,250.0
100.41503715515137,263.0,100.5,250.0
100.51505208015442,265.0,100.6,250.0
100.61522102355957,265.0,100.7,250.0
100.71506214141846,265.0,100.8,250.0
100.81514406204224,267.0,100.9,250.0
100.91507005691528,267.0,101.0,250.0
101.01438617706299,267.0,101.1,250.0
101.11523818969727,265.0,101.2,250.0
101.21502113342285,267.0,101.3,250.0
101.31499099731445,269.0,101.4,250.0
101.41507196426392,267.0,101.5,250.0
101.51506996154785,267.0,101.6,249.0
101.61509799957275,269.0,101.7,248.0
101.71503496170044,269.0,101.8,247.0
101.81504702568054,267.0,101.9,246.0
101.91505408287048,267.0,102.0,245.0
102.01516819000244,269.0,102.1,244.0
102.11517000198364,269.0,102.2,243.0
102.21501302719116,269.0,102.3,242.0
102.31517791748047,269.0,102.4,241.0
102.41519904136658,269.0,102.5,240.0
102.51499223709106,269.0,102.6,239.0
102.61513304710388,267.0,102.7,238.0
102.71507596969604,269.0,102.8,237.0
102.81503391265869,267.0,102.9,236.0
102.91505908966064,265.0,103.0,235.0
103.01503324508667,267.0,103.1,234.0
103.11505103111267,269.0,103.2,233.0
103.21508502960205,271.0,103.3,232.0
103.31504106521606,271.0,103.4,231.0
103.41502404212952,277.0,103.5,230.0
103.51506423950195,280.0,103.6,229.0
103.61504602432251,286.0,103.7,228.0
103.71504402160645,284.0,103.8,227.0
103.81506824493408,284.0,103.9,226.0
103.9150619506836,282.0,104.0,225.0
104.01519393920898,280.0,104.1,224.0
104.11508011817932,280.0,104.2,223.0
104.21499824523926,282.0,104.3,222.0
104.31504917144775,280.0,104.4,221.0
104.41519403457642,284.0,104.5,220.0
104.51519012451172,286.0,104.6,220.0
104.61502504348755,288.0,104.7,220.0
104.7150650024414,282.0,104.8,220.0
104.81517124176025,290.0,104.9,220.0
104.91504907608032,280.0,105.0,220.0
105.01507306098938,277.0,105.1,220.0
105.11518096923828,278.0,105.2,220.0
105.21499705314636,280.0,105.3,220.0
105.31521606445312,278.0,105.4,220.0
105.41516709327698,278.0,105.5,220.0
105.51514720916748,273.0,105.6,220.0
105.61507320404053,258.0,105.7,220.0
105.71505117416382,208.0,105.8,220.0
105.81500101089478,208.0,105.9,220.0
105.91513013839722,210.0,106.0,220.0
106.01517724990845,210.0,106.1,220.0
106.11514520645142,210.0,106.2,220.0
106.21507120132446,208.0,106.3,220.0
106.3151159286499,205.0,106.4,220.0
106.4150071144104,195.0,106.5,220.0
106.51510810852051,187.0,106.6,220.0
106.6150369644165,187.0,106.7,220.0
106.71506118774414,187.0,106.8,220.0
106.81516122817993,184.0,106.9,220.0
106.91515922546387,184.0,107.0,220.0
107.01502323150635,184.0,107.1,220.0
107.11519718170166,184.0,107.2,220.0
107.21517205238342,184.0,107.3,220.0
107.31512498855591,182.0,107.4,220.0
107.41516304016113,176.0,107.5,220.0
107.51516509056091,178.0,107.6,219.0
107.6151442527771,178.0,107.7,218.0
107.7154450416565,180.0,107.8,217.0
107.81516909599304,178.0,107.9,216.0
107.91514611244202,182.0,108.0,215.0
108.01521801948547,180.0,108.1,214.0
108.11517095565796,184.0,108.2,213.0
108.2151870727539,182.0,108.3,212.0
108.31521320343018,184.0,108.4,211.0
108.41532802581787,182.0,108.5,210.0
108.51514720916748,197.0,108.6,209.0
108.61491703987122,191.0,108.7,208.0
108.71517896652222,180.0,108.8,207.0
108.81512904167175,180.0,108.9,206.0
108.91521501541138,174.0,109.0,205.0
109.0152039527893,182.0,109.1,204.0
109.11499500274658,180.0,109.2,203.0
109.21520614624023,180.0,109.3,202.0
109.31519603729248,184.0,109.4,201.0
109.41503810882568,182.0,109.5,200.0
109.51519918441772,180.0,109.6,199.0
109.61520624160767,182.0,109.7,198.0
109.71515011787415,184.0,109.8,197.0
109.81518220901489,186.0,109.9,196.0
109.91525506973267,184.0,110.0,195.0
110.0154480934143,186.0,110.1,194.0
110.11515998840332,186.0,110.2,193.0
110.21515607833862,187.0,110.3,192.0
110.31520009040833,187.0,110.4,191.0
110.41586923599243,186.0,110.5,190.0
110.5152359008789,187.0,110.6,190.0
110.61531805992126,187.0,110.7,190.0
110.71578311920166,187.0,110.8,190.0
110.8157639503479,186.0,110.9,190.0
110.91537809371948,186.0,111.0,190.0
111.01536893844604,187.0,111.1,190.0
111.11577606201172,186.0,111.2,190.0
111.21645212173462,187.0,111.3,190.0
111.31579804420471,187.0,111.4,190.0
111.4153380393982,187.0,111.5,190.0
111.51534509658813,191.0,111.6,190.0
111.61586904525757,189.0,111.7,190.0
111.71523404121399,189.0,111.8,190.0
111.81524705886841,189.0,111.9,190.0
111.91589117050171,187.0,112.0,190.0
112.01521921157837,189.0,112.1,190.0
112.11545419692993,189.0,112.2,190.0
112.21554708480835,187.0,112.3,190.0
112.31541395187378,189.0,112.4,190.0
112.41515398025513,187.0,112.5,190.0
112.51538109779358,189.0,112.6,190.0
112.61518907546997,187.0,112.7,190.0
112.71512508392334,187.0,112.8,190.0
112.81538820266724,187.0,112.9,190.0
112.91541624069214,187.0,113.0,190.0
113.01536512374878,187.0,113.1,190.0
113.11588907241821,186.0,113.2,190.0
113.21561622619629,184.0,113.3,190.0
113.31548118591309,184.0,113.4,190.0
113.41547513008118,184.0,113.5,190.0
113.51545310020447,186.0,113.6,189.0
113.6154580116272,184.0,113.7,188.0
113.71542406082153,184.0,113.8,187.0
113.8158791065216,182.0,113.9,186.0
113.91540098190308,182.0,114.0,185.0
114.01565790176392,184.0,114.1,184.0
114.11537909507751,182.0,114.2,183.0
114.21537494659424,180.0,114.3,182.0
114.3154149055481,178.0,114.4,181.0
114.41538310050964,180.0,114.5,180.0
114.51538610458374,180.0,114.6,179.0
114.61536598205566,180.0,114.7,178.0
114.71512222290039,174.0,114.8,177.0
114.81529211997986,174.0,114.9,176.0
114.91540312767029,178.0,115.0,175.0
115.01516199111938,176.0,115.1,174.0
115.11534214019775,176.0,115.2,173.0
115.21542310714722,174.0,115.3,172.0
115.31539297103882,176.0,115.4,171.0
115.41536617279053,178.0,115.5,170.0
115.51539516448975,176.0,115.6,169.0
115.61516404151917,174.0,115.7,168.0
115.71538019180298,176.0,115.8,167.0
115.81547713279724,174.0,115.9,166.0
115.91543912887573,174.0,116.0,165.0
116.01557111740112,172.0,116.1,164.0
116.11563396453857,174.0,116.2,163.0
116.21556305885315,174.0,116.3,162.0
116.31549024581909,174.0,116.4,161.0
116.41590690612793,172.0,116.5,160.0
116.51560306549072,174.0,116.6,160.0
116.61538314819336,172.0,116.7,160.0
116.71539115905762,172.0,116.8,160.0
116.81580805778503,172.0,116.9,160.0
116.91560316085815,172.0,117.0,160.0
117.01547813415527,174.0,117.1,160.0
117.11541104316711,174.0,117.2,160.0
117.21542406082153,174.0,117.3,160.0
117.31543612480164,174.0,117.4,160.0
117.41456413269043,174.0,117.5,160.0
117.51539516448975,172.0,117.6,160.0
117.61539506912231,174.0,117.7,160.0
117.71540403366089,174.0,117.8,160.0
117.81541204452515,176.0,117.9,160.0
117.91539192199707,176.0,118.0,160.0
118.0153980255127,176.0,118.1,160.0
118.11545705795288,176.0,118.2,160.0
118.21539402008057,176.0,118.3,160.0
118.3154091835022,176.0,118.4,160.0
118.41535210609436,174.0,118.5,160.0
118.51542091369629,174.0,118.6,160.0
118.61539125442505,174.0,118.7,160.0
118.71539497375488,174.0,118.8,160.0
118.81547021865845,178.0,118.9,160.0
118.91539096832275,176.0,119.0,160.0
119.01554107666016,176.0,119.1,160.0
119.11541795730591,176.0,119.2,160.0
119.21546006202698,176.0,119.3,160.0
119.31537508964539,176.0,119.4,160.0
119.41542410850525,176.0,119.5,160.0
119.51594018936157,176.0,119.6,159.0
119.61537909507751,178.0,119.7,158.0
119.71604824066162,178.0,119.8,157.0
119.81546807289124,178.0,119.9,156.0
119.91537809371948,176.0,120.0,155.0
120.015545129776,176.0,120.1,154.0
120.11514806747437,174.0,120.2,153.0
120.21542024612427,174.0,120.3,152.0
120.31617021560669,174.0,120.4,151.0
120.41539907455444,174.0,120.5,150.0
120.51537609100342,174.0,120.6,149.0
120.61540603637695,174.0,120.7,148.0
120.71540307998657,174.0,120.8,147.0
120.8153829574585,174.0,120.9,146.0
120.91538310050964,176.0,121.0,145.0
121.01497912406921,176.0,121.1,144.0
121.11578321456909,176.0,121.2,143.0
121.21600294113159,174.0,121.3,142.0
121.31622123718262,176.0,121.4,141.0
121.41546297073364,176.0,121.5,140.0
121.51563215255737,174.0,121.6,139.0
121.61539793014526,176.0,121.7,138.0
121.71539211273193,174.0,121.8,137.0
121.81541705131531,174.0,121.9,136.0
121.91534304618835,174.0,122.0,135.0
122.01578307151794,172.0,122.1,134.0
122.11618900299072,170.0,122.2,133.0
122.21618890762329,170.0,122.3,132.0
122.31569623947144,172.0,122.4,131.0
122.41559314727783,174.0,122.5,130.0
122.51546812057495,172.0,122.6,130.0
122.6155891418457,172.0,122.7,130.0
122.71582007408142,174.0,122.8,130.0
122.81544017791748,174.0,122.9,130.0
122.91560792922974,174.0,123.0,130.0
123.01578521728516,174.0,123.1,130.0
123.115403175354,174.0,123.2,130.0
123.21576023101807,172.0,123.3,130.0
123.31578922271729,172.0,123.4,130.0
123.41576504707336,172.0,123.5,130.0
123.51574993133545,172.0,123.6,130.0
123.61607313156128,172.0,123.7,130.0
123.71577906608582,172.0,123.8,130.0
123.81535291671753,172.0,123.9,130.0
123.91577005386353,172.0,124.0,130.0
124.01574897766113,172.0,124.1,130.0
124.11575603485107,172.0,124.2,130.0
124.21577405929565,172.0,124.3,130.0
124.3157229423523,172.0,124.4,130.0
124.41608810424805,172.0,124.5,130.0
124.5159261226654,172.0,124.6,130.0
124.61599206924438,172.0,124.7,130.0
124.7157621383667,174.0,124.8,130.0
124.8157570362091,174.0,124.9,130.0
124.91617393493652,174.0,125.0,130.0
125.01581621170044,174.0,125.1,130.0
125.11577105522156,174.0,125.2,130.0
125.2157621383667,172.0,125.3,130.0
125.31455707550049,172.0,125.4,130.0
125.41536521911621,172.0,125.5,130.0
125.51576709747314,172.0,125.6,129.0
125.61576223373413,172.0,125.7,128.0
125.71580600738525,172.0,125.8,127.0
125.81592416763306,172.0,125.9,126.0
125.91573309898376,172.0,126.0,125.0
126.01657009124756,172.0,126.1,124.0
126.11610913276672,172.0,126.2,123.0
126.21593904495239,172.0,126.3,122.0
126.3162910938263,174.0,126.4,121.0
126.41577816009521,172.0,126.5,120.0
126.51537322998047,172.0,126.6,119.0
126.61580610275269,174.0,126.7,118.0
126.71578311920166,174.0,126.8,117.0
126.81600904464722,176.0,126.9,116.0
126.91647005081177,174.0,127.0,115.0
127.01587915420532,172.0,127.1,114.0
127.11575412750244,172.0,127.2,113.0
127.21615791320801,174.0,127.3,112.0
127.31619310379028,174.0,127.4,111.0
127.4157440662384,174.0,127.5,110.0
127.51631212234497,174.0,127.6,109.0
127.61577105522156,174.0,127.7,108.0
127.71580123901367,174.0,127.8,107.0
127.81581401824951,172.0,127.9,106.0
127.91537618637085,172.0,128.0,105.0
128.01581501960754,174.0,128.1,104.0
128.11574411392212,176.0,128.2,103.0
128.21537590026855,184.0,128.3,102.0
128.3158402442932,191.0,128.4,101.0
128.41523790359497,195.0,128.5,100.0
128.5150852203369,193.0,128.6,100.0
128.61580801010132,189.0,128.7,100.0
128.71645402908325,193.0,128.8,100.0
128.81689596176147,189.0,128.9,100.0
128.91789603233337,189.0,129.0,100.0
129.0169060230255,189.0,129.1,100.0
129.11650109291077,191.0,129.2,100.0
129.21708703041077,189.0,129.3,100.0
129.31580805778503,187.0,129.4,100.0
129.41576194763184,167.0,129.5,100.0
129.5158019065857,121.0,129.6,100.0
129.61682796478271,121.0,129.7,100.0
129.71584510803223,131.0,129.8,100.0
129.8153851032257,131.0,129.9,100.0
129.91648721694946,125.0,130.0,100.0
130.01594805717468,125.0,131.0,100.0
130.11704015731812,127.0,,
130.21581411361694,125.0,,
130.31576490402222,127.0,,
130.4157440662384,136.0,,
130.51579308509827,127.0,,
130.61537504196167,129.0,,
130.71594619750977,152.0,,
130.8170051574707,180.0,,
130.91586017608643,182.0,,
131.01576113700867,159.0,,
