time[s],value[g],targetTime[g],target[g]
7.867813110351562e-06,0.0,0.0,100.0
0.08325695991516113,0.0,0.1,100.0
0.16693711280822754,0.0,0.2,100.0
0.2507970333099365,0.0,0.3,100.0
0.3366410732269287,1.0,0.4,100.0
0.4224741458892822,0.0,0.5,100.0
0.521446943283081,0.0,0.6,100.0
0.6214191913604736,0.0,0.7,100.0
0.721419095993042,0.0,0.8,100.0
0.821479082107544,0.0,0.9,100.0
0.9215691089630127,11.0,1.0,100.0
1.0215740203857422,40.0,1.1,100.0
1.1214160919189453,47.0,1.2,100.0
1.2213940620422363,39.0,1.3,100.0
1.321423053741455,34.0,1.4,100.0
1.4214940071105957,23.0,1.5,100.0
1.5214378833770752,12.0,1.6,100.0
1.6214759349822998,7.0,1.7,100.0
1.7216241359710693,6.0,1.8,100.0
1.8214209079742432,15.0,1.9,100.0
1.9214022159576416,18.0,2.0,100.0
2.021497964859009,18.0,2.1,100.0
2.1213901042938232,25.0,2.2,100.0
2.2215590476989746,26.0,2.3,100.0
2.321439027786255,33.0,2.4,100.0
2.4213860034942627,34.0,2.5,100.0
2.521411180496216,40.0,2.6,100.0
2.6206400394439697,42.0,2.7,100.0
2.7209689617156982,47.0,2.8,100.0
2.821402072906494,48.0,2.9,100.0
2.9215009212493896,50.0,3.0,100.0
3.0214149951934814,55.0,3.1,100.0
3.121380090713501,56.0,3.2,100.0
3.2215030193328857,58.0,3.3,100.0
3.3214340209960938,59.0,3.4,100.0
3.4213531017303467,64.0,3.5,100.0
3.521367073059082,64.0,3.6,100.0
3.621380090713501,70.0,3.7,100.0
3.721360921859741,74.0,3.8,100.0
3.8214619159698486,83.0,3.9,100.0
3.921391010284424,86.0,4.0,100.0
4.0215020179748535,81.0,4.1,100.0
4.121402025222778,78.0,4.2,100.0
4.2213451862335205,80.0,4.3,100.0
4.321407079696655,81.0,4.4,100.0
4.421370983123779,86.0,4.5,100.0
4.521305084228516,94.0,4.6,100.0
4.6213319301605225,97.0,4.7,100.0
4.721376180648804,97.0,4.8,100.0
4.821317911148071,96.0,4.9,100.0
4.921359062194824,94.0,5.0,100.0
5.021388053894043,94.0,5.1,100.0
5.121335983276367,92.0,5.2,100.0
5.221346139907837,94.0,5.3,100.0
5.321467161178589,94.0,5.4,100.0
5.420488119125366,94.0,5.5,100.0
5.521316051483154,94.0,5.6,100.0
5.621365070343018,94.0,5.7,100.0
5.721390008926392,94.0,5.8,100.0
5.821313142776489,94.0,5.9,100.0
5.921373128890991,97.0,6.0,100.0
6.02130913734436,97.0,6.1,100.0
6.12132716178894,97.0,6.2,100.0
6.221383094787598,100.0,6.3,100.0
6.321315050125122,100.0,6.4,100.0
6.4213221073150635,99.0,6.5,100.0
6.521350145339966,99.0,6.6,100.0
6.621398210525513,99.0,6.7,100.0
6.721340894699097,100.0,6.8,100.0
6.821338891983032,100.0,6.9,100.0
6.921292066574097,102.0,7.0,100.0
7.02130389213562,102.0,7.1,100.0
7.121416091918945,103.0,7.2,100.0
7.221268892288208,107.0,7.3,100.0
7.321310997009277,110.0,7.4,100.0
7.421417951583862,113.0,7.5,100.0
7.521311044692993,116.0,7.6,100.0
7.621295213699341,115.0,7.7,100.0
7.721328973770142,115.0,7.8,100.0
7.821435213088989,110.0,7.9,100.0
7.9214770793914795,94.0,8.0,100.0
8.021293878555298,88.0,8.1,100.0
8.121227979660034,91.0,8.2,100.0
8.221307039260864,91.0,8.3,100.0
8.321333169937134,92.0,8.4,100.0
8.42125391960144,92.0,8.5,100.0
8.521299123764038,96.0,8.6,100.0
8.621328115463257,97.0,8.7,100.0
8.72128415107727,99.0,8.8,100.0
8.82128119468689,99.0,8.9,100.0
8.921311140060425,99.0,9.0,100.0
9.021272897720337,100.0,9.1,100.0
9.12131404876709,102.0,9.2,100.0
9.221595048904419,100.0,9.3,100.0
9.321255922317505,103.0,9.4,100.0
9.42129397392273,102.0,9.5,100.0
9.521326065063477,103.0,9.6,100.0
9.62123990058899,103.0,9.7,100.0
9.721265077590942,103.0,9.8,100.0
9.821316003799438,103.0,9.9,100.0
9.921250104904175,103.0,10.0,100.0
10.020525217056274,105.0,10.1,100.0
10.121337175369263,105.0,10.2,100.0
10.220782995223999,105.0,10.3,100.0
10.321258068084717,105.0,10.4,100.0
10.42130708694458,105.0,10.5,100.0
10.521225214004517,105.0,10.6,100.0
10.621235132217407,105.0,10.7,100.0
10.721411943435669,103.0,10.8,100.0
10.820936918258667,103.0,10.9,100.0
10.92127013206482,103.0,11.0,100.0
11.021324872970581,103.0,11.1,100.0
11.121246099472046,103.0,11.2,100.0
11.221235036849976,103.0,11.3,100.0
11.321287870407104,103.0,11.4,100.0
11.421211957931519,105.0,11.5,100.0
11.521409034729004,103.0,11.6,100.0
11.621316194534302,108.0,11.7,101.0
11.72122597694397,110.0,11.8,102.0
11.821244955062866,111.0,11.9,103.0
11.921387910842896,113.0,12.0,104.0
12.021231889724731,113.0,12.1,105.0
12.12124514579773,113.0,12.2,106.0
12.221256971359253,113.0,12.3,107.0
12.321390867233276,116.0,12.4,108.0
12.421334028244019,116.0,12.5,109.0
12.521310091018677,118.0,12.6,110.0
12.621226072311401,121.0,12.7,111.0
12.72121787071228,122.0,12.8,112.0
12.82163405418396,121.0,12.9,113.0
12.921218156814575,124.0,13.0,114.0
13.021192073822021,124.0,13.1,115.0
13.121235132217407,124.0,13.2,116.0
13.22097897529602,124.0,13.3,117.0
13.321186065673828,124.0,13.4,118.0
13.421248197555542,124.0,13.5,119.0
13.521168947219849,124.0,13.6,120.0
13.62165093421936,124.0,13.7,121.0
13.721386194229126,126.0,13.8,122.0
13.821193933486938,127.0,13.9,123.0
13.92119288444519,126.0,14.0,124.0
14.021226167678833,127.0,14.1,125.0
14.120795011520386,127.0,14.2,126.0
14.221280097961426,126.0,14.3,127.0
14.321240186691284,127.0,14.4,128.0
14.421243906021118,127.0,14.5,129.0
14.521192073822021,129.0,14.6,130.0
14.621263027191162,127.0,14.7,130.0
14.721155881881714,129.0,14.8,130.0
14.821171045303345,129.0,14.9,130.0
14.921228170394897,129.0,15.0,130.0
15.021152019500732,129.0,15.1,130.0
15.121151208877563,129.0,15.2,130.0
15.221224069595337,129.0,15.3,130.0
15.321166038513184,129.0,15.4,130.0
15.421423196792603,129.0,15.5,130.0
15.52115797996521,129.0,15.6,130.0
15.62112021446228,129.0,15.7,130.0
15.721194982528687,130.0,15.8,130.0
15.821231126785278,130.0,15.9,130.0
15.92116403579712,130.0,16.0,130.0
16.021164178848267,130.0,16.1,130.0
16.121217966079712,132.0,16.2,130.0
16.221112966537476,132.0,16.3,130.0
16.321147203445435,130.0,16.4,130.0
16.420560121536255,130.0,16.5,130.0
16.52121090888977,130.0,16.6,130.0
16.621219873428345,130.0,16.7,130.0
16.721322059631348,132.0,16.8,130.0
16.82114005088806,132.0,16.9,130.0
16.921149015426636,130.0,17.0,130.0
17.02120089530945,132.0,17.1,130.0
17.121427059173584,132.0,17.2,130.0
17.22125220298767,132.0,17.3,130.0
17.32027792930603,132.0,17.4,130.0
17.421182870864868,132.0,17.5,130.0
17.521124124526978,132.0,17.6,130.0
17.621160984039307,132.0,17.7,131.0
17.72070288658142,132.0,17.8,132.0
17.821107149124146,132.0,17.9,133.0
17.921135187149048,137.0,18.0,134.0
18.02109408378601,140.0,18.1,135.0
18.121132135391235,138.0,18.2,136.0
18.22120499610901,140.0,18.3,137.0
18.32109808921814,138.0,18.4,138.0
18.421115159988403,138.0,18.5,139.0
18.521143198013306,138.0,18.6,140.0
18.621049165725708,140.0,18.7,141.0
18.721139192581177,138.0,18.8,142.0
18.821158170700073,140.0,18.9,143.0
18.92105007171631,141.0,19.0,144.0
19.021124124526978,141.0,19.1,145.0
19.12115502357483,143.0,19.2,146.0
19.221081018447876,141.0,19.3,147.0
19.321101903915405,141.0,19.4,148.0
19.42112708091736,141.0,19.5,149.0
19.52101492881775,143.0,19.6,150.0
19.621124982833862,141.0,19.7,151.0
19.721121072769165,143.0,19.8,152.0
19.82107400894165,143.0,19.9,153.0
19.921065092086792,143.0,20.0,154.0
20.021125078201294,143.0,20.1,155.0
20.121073961257935,143.0,20.2,156.0
20.221107006072998,143.0,20.3,157.0
20.32129216194153,143.0,20.4,158.0
20.421077966690063,141.0,20.5,159.0
20.521116018295288,141.0,20.6,160.0
20.62113904953003,140.0,20.7,160.0
20.721027135849,140.0,20.8,160.0
20.82108187675476,138.0,20.9,160.0
20.921083211898804,140.0,21.0,160.0
21.02103590965271,141.0,21.1,160.0
21.121079206466675,155.0,21.2,160.0
21.22114109992981,155.0,21.3,160.0
21.32103991508484,146.0,21.4,160.0
21.421077966690063,146.0,21.5,160.0
21.521104097366333,146.0,21.6,160.0
21.621068000793457,146.0,21.7,160.0
21.72106409072876,146.0,21.8,160.0
21.821099996566772,148.0,21.9,160.0
21.921037912368774,149.0,22.0,160.0
22.021043062210083,149.0,22.1,160.0
22.121073961257935,149.0,22.2,160.0
22.221101999282837,151.0,22.3,160.0
22.321029901504517,149.0,22.4,160.0
22.421101093292236,149.0,22.5,160.0
22.52098798751831,149.0,22.6,160.0
22.620980978012085,149.0,22.7,160.0
22.721070051193237,149.0,22.8,160.0
22.821054220199585,149.0,22.9,160.0
22.921210050582886,149.0,23.0,160.0
23.021136045455933,149.0,23.1,160.0
23.121060132980347,149.0,23.2,160.0
23.221017122268677,149.0,23.3,160.0
23.321048974990845,149.0,23.4,160.0
23.420953035354614,149.0,23.5,160.0
23.520993947982788,149.0,23.6,160.0
23.621075868606567,149.0,23.7,161.0
23.720951080322266,149.0,23.8,162.0
23.820991039276123,151.0,23.9,163.0
23.921114206314087,151.0,24.0,164.0
24.020958185195923,155.0,24.1,165.0
24.121021032333374,160.0,24.2,166.0
24.221041917800903,163.0,24.3,167.0
24.32095217704773,174.0,24.4,168.0
24.420988082885742,173.0,24.5,169.0
24.52104902267456,170.0,24.6,170.0
24.620950937271118,168.0,24.7,171.0
24.72100305557251,170.0,24.8,172.0
24.82102608680725,170.0,24.9,173.0
24.92097306251526,171.0,25.0,174.0
25.020992040634155,174.0,25.1,175.0
25.121069192886353,174.0,25.2,176.0
25.2206871509552,173.0,25.3,177.0
25.320990085601807,174.0,25.4,178.0
25.421019077301025,176.0,25.5,179.0
25.521153211593628,181.0,25.6,180.0
25.62096095085144,181.0,25.7,181.0
25.720983028411865,178.0,25.8,182.0
25.820905923843384,179.0,25.9,183.0
25.92094922065735,181.0,26.0,184.0
26.021023988723755,184.0,26.1,185.0
26.120938062667847,185.0,26.2,186.0
26.220947980880737,185.0,26.3,187.0
26.321012020111084,185.0,26.4,188.0
26.42093801498413,187.0,26.5,189.0
26.521329164505005,187.0,26.6,190.0
26.62093997001648,187.0,26.7,190.0
26.720875024795532,189.0,26.8,190.0
26.820960998535156,190.0,26.9,190.0
26.920980215072632,189.0,27.0,190.0
27.02090287208557,190.0,27.1,190.0
27.120939016342163,190.0,27.2,190.0
27.221009016036987,190.0,27.3,190.0
27.320904970169067,189.0,27.4,190.0
27.420789003372192,189.0,27.5,190.0
27.520998001098633,187.0,27.6,190.0
27.62090516090393,187.0,27.7,190.0
27.720015048980713,187.0,27.8,190.0
27.821322202682495,187.0,27.9,190.0
27.920893907546997,189.0,28.0,190.0
28.020929098129272,187.0,28.1,190.0
28.12094807624817,187.0,28.2,190.0
28.2208890914917,187.0,28.3,190.0
28.320904970169067,189.0,28.4,190.0
28.420980215072632,187.0,28.5,190.0
28.520891904830933,189.0,28.6,190.0
28.620930910110474,190.0,28.7,190.0
28.721100091934204,192.0,28.8,190.0
28.820882081985474,192.0,28.9,190.0
28.920889139175415,192.0,29.0,190.0
29.020970106124878,192.0,29.1,190.0
29.120805978775024,192.0,29.2,190.0
29.220901012420654,198.0,29.3,190.0
29.320986032485962,201.0,29.4,190.0
29.421672105789185,201.0,29.5,190.0
29.521010160446167,201.0,29.6,190.0
29.62105393409729,201.0,29.7,191.0
29.7200870513916,201.0,29.8,192.0
29.821104049682617,201.0,29.9,193.0
29.92102599143982,204.0,30.0,194.0
30.021023988723755,203.0,30.1,195.0
30.121012926101685,204.0,30.2,196.0
30.221205949783325,203.0,30.3,197.0
30.321024179458618,201.0,30.4,198.0
30.421349048614502,203.0,30.5,199.0
30.520722150802612,203.0,30.6,200.0
30.620153188705444,201.0,30.7,201.0
30.720925092697144,204.0,30.8,202.0
30.82101798057556,206.0,30.9,203.0
30.920838117599487,206.0,31.0,204.0
31.0208420753479,206.0,31.1,205.0
31.121052980422974,204.0,31.2,206.0
31.220825910568237,204.0,31.3,207.0
31.320821046829224,204.0,31.4,208.0
31.420976877212524,206.0,31.5,209.0
31.520808935165405,209.0,31.6,210.0
31.620814085006714,209.0,31.7,211.0
31.720912218093872,212.0,31.8,212.0
31.82078719139099,212.0,31.9,213.0
31.920780897140503,214.0,32.0,214.0
32.020947217941284,212.0,32.1,215.0
32.12098717689514,212.0,32.2,216.0
32.22101807594299,215.0,32.3,217.0
32.320892095565796,217.0,32.4,218.0
32.420086145401,217.0,32.5,219.0
32.52095818519592,217.0,32.6,220.0
32.620858907699585,215.0,32.7,220.0
32.72093605995178,217.0,32.8,220.0
32.82066321372986,217.0,32.9,220.0
32.92132806777954,217.0,33.0,220.0
33.02079200744629,218.0,33.1,220.0
33.12091517448425,218.0,33.2,220.0
33.220853090286255,218.0,33.3,220.0
33.320760011672974,217.0,33.4,220.0
33.420811891555786,217.0,33.5,220.0
33.52111601829529,218.0,33.6,220.0
33.62119698524475,217.0,33.7,220.0
33.72077798843384,217.0,33.8,220.0
33.82088112831116,218.0,33.9,220.0
33.920762062072754,218.0,34.0,220.0
34.02090811729431,218.0,34.1,220.0
34.120856046676636,217.0,34.2,220.0
34.22076392173767,215.0,34.3,220.0
34.320789098739624,215.0,34.4,220.0
34.42092490196228,217.0,34.5,220.0
34.520910024642944,217.0,34.6,220.0
34.62077498435974,217.0,34.7,220.0
34.720916986465454,217.0,34.8,220.0
34.820754051208496,217.0,34.9,220.0
34.92076301574707,217.0,35.0,220.0
35.02091407775879,217.0,35.1,220.0
35.12034296989441,222.0,35.2,220.0
35.22077393531799,222.0,35.3,220.0
35.32092595100403,220.0,35.4,220.0
35.420751094818115,220.0,35.5,220.0
35.5207622051239,218.0,35.6,220.0
35.62020993232727,225.0,35.7,221.0
35.71998620033264,225.0,35.8,222.0
35.82074809074402,225.0,35.9,223.0
35.92082619667053,226.0,36.0,224.0
36.02073907852173,226.0,36.1,225.0
36.120769023895264,226.0,36.2,226.0
36.22079801559448,226.0,36.3,227.0
36.32073903083801,233.0,36.4,228.0
36.42074704170227,229.0,36.5,229.0
36.52078199386597,229.0,36.6,230.0
36.62001299858093,229.0,36.7,231.0
36.72134804725647,231.0,36.8,232.0
36.82058000564575,229.0,36.9,233.0
36.92129397392273,229.0,37.0,234.0
37.021080017089844,229.0,37.1,235.0
37.120779037475586,229.0,37.2,236.0
37.220338106155396,233.0,37.3,237.0
37.32070708274841,228.0,37.4,238.0
37.42133116722107,231.0,37.5,239.0
37.520729064941406,229.0,37.6,240.0
37.62015199661255,228.0,37.7,241.0
37.720741987228394,228.0,37.8,242.0
37.820399045944214,229.0,37.9,243.0
37.92090201377869,229.0,38.0,244.0
38.02099394798279,231.0,38.1,245.0
38.12065291404724,231.0,38.2,246.0
38.220736026763916,234.0,38.3,247.0
38.32014203071594,234.0,38.4,248.0
38.420711040496826,234.0,38.5,249.0
38.52070999145508,233.0,38.6,250.0
38.62075400352478,234.0,38.7,250.0
38.72122597694397,234.0,38.8,250.0
38.82067799568176,240.0,38.9,250.0
38.920839071273804,244.0,39.0,250.0
39.0207998752594,240.0,39.1,250.0
39.120150089263916,239.0,39.2,250.0
39.220776081085205,239.0,39.3,250.0
39.32071399688721,239.0,39.4,250.0
39.420695066452026,239.0,39.5,250.0
39.520774126052856,237.0,39.6,250.0
39.619925022125244,237.0,39.7,250.0
39.72068405151367,239.0,39.8,250.0
39.82076406478882,239.0,39.9,250.0
39.92068004608154,240.0,40.0,250.0
40.02068495750427,239.0,40.1,250.0
40.119898080825806,239.0,40.2,250.0
40.22055006027222,239.0,40.3,250.0
40.32067894935608,239.0,40.4,250.0
40.42073106765747,237.0,40.5,250.0
40.5201690196991,237.0,40.6,250.0
40.62068510055542,237.0,40.7,250.0
40.72072100639343,237.0,40.8,250.0
40.820635080337524,237.0,40.9,250.0
40.92066216468811,237.0,41.0,250.0
41.02071809768677,237.0,41.1,250.0
41.12066388130188,240.0,41.2,250.0
41.220661878585815,244.0,41.3,250.0
41.320712089538574,244.0,41.4,250.0
41.420674085617065,247.0,41.5,250.0
41.52087187767029,247.0,41.6,250.0
41.620692014694214,245.0,41.7,251.0
41.720699071884155,250.0,41.8,252.0
41.82063007354736,258.0,41.9,253.0
41.92069220542908,258.0,42.0,254.0
42.020633935928345,259.0,42.1,255.0
42.12061905860901,261.0,42.2,256.0
42.22066903114319,263.0,42.3,257.0
42.320611000061035,261.0,42.4,258.0
42.42064809799194,261.0,42.5,259.0
42.520328998565674,259.0,42.6,260.0
42.62062907218933,261.0,42.7,261.0
42.720614194869995,263.0,42.8,262.0
42.82135319709778,263.0,42.9,263.0
42.920600175857544,263.0,43.0,264.0
43.01986289024353,261.0,43.1,265.0
43.120657205581665,263.0,43.2,266.0
43.22059607505798,263.0,43.3,267.0
43.320597887039185,264.0,43.4,268.0
43.4207489490509,264.0,43.5,269.0
43.52028703689575,266.0,43.6,270.0
43.61970901489258,263.0,43.7,271.0
43.72083497047424,266.0,43.8,272.0
43.82053899765015,264.0,43.9,273.0
43.92064690589905,263.0,44.0,274.0
44.020551919937134,261.0,44.1,275.0
44.12063407897949,263.0,44.2,276.0
44.22058415412903,261.0,44.3,277.0
44.32061314582825,264.0,44.4,278.0
44.42052507400513,266.0,44.5,279.0
44.52059006690979,269.0,44.6,280.0
44.62060189247131,272.0,44.7,280.0
44.72053003311157,266.0,44.8,280.0
44.820586919784546,266.0,44.9,280.0
44.92067503929138,274.0,45.0,280.0
45.020570039749146,270.0,45.1,280.0
45.12061405181885,266.0,45.2,280.0
45.22061109542847,264.0,45.3,280.0
45.31971621513367,266.0,45.4,280.0
45.42068004608154,267.0,45.5,280.0
45.52059817314148,269.0,45.6,280.0
45.62051701545715,272.0,45.7,280.0
45.72059607505798,270.0,45.8,280.0
45.820616006851196,272.0,45.9,280.0
45.92053508758545,277.0,46.0,280.0
46.02031111717224,274.0,46.1,280.0
46.120620012283325,275.0,46.2,280.0
46.220515966415405,277.0,46.3,280.0
46.32054114341736,278.0,46.4,280.0
46.420665979385376,280.0,46.5,280.0
46.5204861164093,281.0,46.6,280.0
46.62053608894348,281.0,46.7,280.0
46.720585107803345,280.0,46.8,280.0
46.82052302360535,278.0,46.9,280.0
46.92059588432312,280.0,47.0,280.0
47.02053093910217,278.0,47.1,280.0
47.120397090911865,280.0,47.2,280.0
47.220640897750854,280.0,47.3,280.0
47.32057309150696,289.0,47.4,280.0
47.4206440448761,285.0,47.5,280.0
47.52052307128906,280.0,47.6,280.0
47.620567083358765,280.0,47.7,281.0
47.72086000442505,281.0,47.8,282.0
47.820513010025024,281.0,47.9,283.0
47.92055010795593,285.0,48.0,284.0
48.02046799659729,285.0,48.1,285.0
48.12054896354675,286.0,48.2,286.0
48.2205331325531,286.0,48.3,287.0
48.32048010826111,286.0,48.4,288.0
48.4205482006073,288.0,48.5,289.0
48.52063298225403,289.0,48.6,290.0
48.62048411369324,291.0,48.7,291.0
48.72053503990173,289.0,48.8,292.0
48.820643186569214,291.0,48.9,293.0
48.920501947402954,297.0,49.0,294.0
49.02063298225403,294.0,49.1,295.0
49.12054419517517,296.0,49.2,296.0
49.22044491767883,303.0,49.3,297.0
49.32052397727966,302.0,49.4,298.0
49.42055606842041,296.0,49.5,299.0
49.520132064819336,297.0,49.6,300.0
49.62043309211731,297.0,49.7,301.0
49.72056007385254,299.0,49.8,302.0
49.820489168167114,299.0,49.9,303.0
49.92050504684448,302.0,50.0,304.0
50.02062916755676,300.0,50.1,305.0
50.121092081069946,300.0,50.2,306.0
50.220499992370605,307.0,50.3,307.0
50.319886922836304,303.0,50.4,308.0
50.42054009437561,305.0,50.5,309.0
50.5205500125885,303.0,50.6,310.0
50.62053298950195,305.0,50.7,310.0
50.72046709060669,307.0,50.8,310.0
50.820542097091675,310.0,50.9,310.0
50.92048716545105,313.0,51.0,310.0
51.020506143569946,275.0,51.1,310.0
51.12050199508667,302.0,51.2,310.0
51.22055006027222,299.0,51.3,310.0
51.320515871047974,300.0,51.4,310.0
51.42049193382263,300.0,51.5,310.0
51.52063703536987,300.0,51.6,310.0
51.620474100112915,303.0,51.7,310.0
51.72051000595093,305.0,51.8,310.0
51.82047200202942,307.0,51.9,310.0
51.92042303085327,307.0,52.0,310.0
52.02053904533386,307.0,52.1,310.0
52.12049412727356,311.0,52.2,310.0
52.22042202949524,316.0,52.3,310.0
52.32044005393982,313.0,52.4,310.0
52.42063903808594,313.0,52.5,310.0
52.52040100097656,313.0,52.6,310.0
52.620497941970825,319.0,52.7,310.0
52.72056317329407,316.0,52.8,310.0
52.82040810585022,315.0,52.9,310.0
52.92064905166626,313.0,53.0,310.0
53.02067804336548,313.0,53.1,310.0
53.12047100067139,311.0,53.2,310.0
53.21961712837219,311.0,53.3,310.0
53.32046818733215,311.0,53.4,310.0
53.42040205001831,311.0,53.5,310.0
53.52041006088257,310.0,53.6,310.0
53.62046790122986,310.0,53.7,311.0
53.72052502632141,310.0,53.8,312.0
53.82047510147095,311.0,53.9,313.0
53.92079305648804,311.0,54.0,314.0
54.020395040512085,313.0,54.1,315.0
54.12045693397522,311.0,54.2,316.0
54.22044110298157,311.0,54.3,317.0
54.32041001319885,311.0,54.4,318.0
54.42042088508606,311.0,54.5,319.0
54.520418882369995,311.0,54.6,320.0
54.62039399147034,313.0,54.7,321.0
54.72040104866028,315.0,54.8,322.0
54.82042717933655,316.0,54.9,323.0
54.9204261302948,316.0,55.0,324.0
55.02043890953064,321.0,55.1,325.0
55.12041902542114,324.0,55.2,326.0
55.22029995918274,335.0,55.3,327.0
55.32043719291687,349.0,55.4,328.0
55.420461893081665,326.0,55.5,329.0
55.52035593986511,349.0,55.6,330.0
55.62042498588562,346.0,55.7,331.0
55.720404863357544,333.0,55.8,332.0
55.820363998413086,326.0,55.9,333.0
55.92042088508606,324.0,56.0,334.0
56.020447969436646,318.0,56.1,335.0
56.120354890823364,319.0,56.2,336.0
56.22036814689636,319.0,56.3,337.0
56.3204071521759,321.0,56.4,338.0
56.42097210884094,321.0,56.5,339.0
56.52051901817322,322.0,56.6,340.0
56.62038803100586,321.0,56.7,340.0
56.7203471660614,322.0,56.8,340.0
56.82040190696716,324.0,56.9,340.0
56.92049503326416,322.0,57.0,340.0
57.01967906951904,321.0,57.1,340.0
57.12037396430969,321.0,57.2,340.0
57.22038197517395,322.0,57.3,340.0
57.32031202316284,321.0,57.4,340.0
57.42051911354065,321.0,57.5,340.0
57.52037596702576,319.0,57.6,340.0
57.62033700942993,321.0,57.7,340.0
57.72049021720886,319.0,57.8,340.0
57.8205680847168,321.0,57.9,340.0
57.92034316062927,321.0,58.0,340.0
58.02040219306946,322.0,58.1,340.0
58.12037706375122,324.0,58.2,340.0
58.2203528881073,326.0,58.3,340.0
58.32039189338684,327.0,58.4,340.0
58.42035889625549,332.0,58.5,340.0
58.520268201828,327.0,58.6,340.0
58.62032604217529,333.0,58.7,340.0
58.72054886817932,333.0,58.8,340.0
58.820276975631714,333.0,58.9,340.0
58.92034316062927,335.0,59.0,340.0
59.02032208442688,337.0,59.1,340.0
59.1202929019928,346.0,59.2,340.0
59.22035193443298,341.0,59.3,340.0
59.32035303115845,340.0,59.4,340.0
59.42031002044678,341.0,59.5,340.0
59.52036905288696,343.0,59.6,340.0
59.620311975479126,343.0,59.7,341.0
59.72026705741882,346.0,59.8,342.0
59.82030987739563,348.0,59.9,343.0
59.92030692100525,349.0,60.0,344.0
60.020283937454224,351.0,60.1,345.0
60.11964201927185,352.0,60.2,346.0
60.22028398513794,346.0,60.3,347.0
60.32028889656067,348.0,60.4,348.0
60.420406103134155,348.0,60.5,349.0
60.519460916519165,352.0,60.6,350.0
60.620270013809204,351.0,60.7,351.0
60.72033905982971,352.0,60.8,352.0
60.82030415534973,351.0,60.9,353.0
60.92026495933533,351.0,61.0,354.0
61.020323038101196,354.0,61.1,355.0
61.12029004096985,355.0,61.2,356.0
61.22026801109314,357.0,61.3,357.0
61.32027792930603,357.0,61.4,358.0
61.42039895057678,357.0,61.5,359.0
61.52028799057007,360.0,61.6,360.0
61.62032508850098,360.0,61.7,361.0
61.72027611732483,360.0,61.8,362.0
61.820332050323486,365.0,61.9,363.0
61.9203040599823,365.0,62.0,364.0
62.02028298377991,363.0,62.1,365.0
62.12024521827698,363.0,62.2,366.0
62.220481157302856,363.0,62.3,367.0
62.32025408744812,365.0,62.4,368.0
62.4203999042511,363.0,62.5,369.0
62.520286083221436,368.0,62.6,370.0
62.62026309967041,366.0,62.7,370.0
62.720195055007935,366.0,62.8,370.0
62.82024908065796,366.0,62.9,370.0
62.92011618614197,365.0,63.0,370.0
63.02019715309143,366.0,63.1,370.0
63.120235204696655,366.0,63.2,370.0
63.22023105621338,370.0,63.3,370.0
63.32021498680115,370.0,63.4,370.0
63.4203200340271,373.0,63.5,370.0
63.520225048065186,370.0,63.6,370.0
63.62021517753601,363.0,63.7,370.0
63.72025990486145,366.0,63.8,370.0
63.82027506828308,363.0,63.9,370.0
63.920178174972534,352.0,64.0,370.0
64.02061700820923,349.0,64.1,370.0
64.1203281879425,351.0,64.2,370.0
64.21982216835022,352.0,64.3,370.0
64.32019019126892,354.0,64.4,370.0
64.42022395133972,362.0,64.5,370.0
64.52013421058655,359.0,64.6,370.0
64.62041211128235,360.0,64.7,370.0
64.71979212760925,360.0,64.8,370.0
64.82017803192139,362.0,64.9,370.0
64.92023396492004,366.0,65.0,370.0
65.02022290229797,365.0,65.1,370.0
65.12016701698303,371.0,65.2,370.0
65.22022795677185,374.0,65.3,370.0
65.32024121284485,370.0,65.4,370.0
65.42017912864685,374.0,65.5,370.0
65.52028489112854,370.0,65.6,370.0
65.62018418312073,370.0,65.7,371.0
65.72017908096313,373.0,65.8,372.0
65.82018113136292,374.0,65.9,373.0
65.92018294334412,378.0,66.0,374.0
66.02019190788269,376.0,66.1,375.0
66.12019801139832,374.0,66.2,376.0
66.22018003463745,381.0,66.3,377.0
66.32011198997498,376.0,66.4,378.0
66.41985702514648,374.0,66.5,379.0
66.52017617225647,374.0,66.6,380.0
66.62016415596008,378.0,66.7,381.0
66.72019791603088,381.0,66.8,382.0
66.82016921043396,379.0,66.9,383.0
66.92012000083923,382.0,67.0,384.0
67.02018713951111,382.0,67.1,385.0
67.12016606330872,389.0,67.2,386.0
67.2201201915741,384.0,67.3,387.0
67.32019591331482,382.0,67.4,388.0
67.42018699645996,382.0,67.5,389.0
67.52013897895813,384.0,67.6,390.0
67.61958599090576,389.0,67.7,391.0
67.72015690803528,392.0,67.8,392.0
67.82012820243835,389.0,67.9,393.0
67.92036318778992,400.0,68.0,394.0
68.0201210975647,389.0,68.1,395.0
68.12945103645325,387.0,68.2,396.0
68.22012686729431,389.0,68.3,397.0
68.32014393806458,389.0,68.4,398.0
68.42018294334412,390.0,68.5,399.0
68.5201780796051,392.0,68.6,400.0
68.6201400756836,390.0,68.7,400.0
68.7292091846466,393.0,68.8,400.0
68.82018208503723,398.0,68.9,400.0
68.93104100227356,395.0,69.0,400.0
69.02009987831116,396.0,69.1,400.0
69.12012696266174,395.0,69.2,400.0
69.22011494636536,396.0,69.3,400.0
69.32016491889954,396.0,69.4,400.0
69.42018103599548,393.0,69.5,400.0
69.5310800075531,400.0,69.6,400.0
69.62010908126831,398.0,69.7,400.0
69.7201521396637,393.0,69.8,400.0
69.82011198997498,396.0,69.9,400.0
69.91961693763733,396.0,70.0,400.0
70.02016305923462,396.0,70.1,400.0
70.1201810836792,396.0,70.2,400.0
70.22017002105713,398.0,70.3,400.0
70.32029104232788,398.0,70.4,400.0
70.420893907547,398.0,70.5,400.0
70.52029800415039,398.0,70.6,400.0
70.62032699584961,395.0,70.7,400.0
70.72023701667786,395.0,70.8,400.0
70.82012915611267,392.0,70.9,400.0
70.91943717002869,390.0,71.0,400.0
71.02025198936462,392.0,71.1,400.0
71.12022805213928,385.0,71.2,400.0
71.2192919254303,384.0,71.3,400.0
71.32032990455627,382.0,71.4,400.0
71.42011189460754,371.0,71.5,400.0
71.52065205574036,374.0,71.6,399.0
71.62012887001038,381.0,71.7,398.0
71.72025203704834,387.0,71.8,397.0
71.82022404670715,385.0,71.9,396.0
71.92005705833435,392.0,72.0,395.0
72.0200469493866,392.0,72.1,394.0
72.12025809288025,392.0,72.2,393.0
72.22006297111511,392.0,72.3,392.0
72.3205668926239,392.0,72.4,391.0
72.42004418373108,395.0,72.5,390.0
72.52003121376038,396.0,72.6,389.0
72.6201331615448,390.0,72.7,388.0
72.72006106376648,389.0,72.8,387.0
72.82006502151489,389.0,72.9,386.0
72.92009401321411,382.0,73.0,385.0
73.0201141834259,384.0,73.1,384.0
73.12004494667053,382.0,73.2,383.0
73.22002911567688,384.0,73.3,382.0
73.32006096839905,382.0,73.4,381.0
73.41935706138611,384.0,73.5,380.0
73.51999115943909,384.0,73.6,379.0
73.62019300460815,382.0,73.7,378.0
73.72002601623535,382.0,73.8,377.0
73.82003712654114,382.0,73.9,376.0
73.92004609107971,379.0,74.0,375.0
74.020024061203,378.0,74.1,374.0
74.12006688117981,374.0,74.2,373.0
74.22002506256104,370.0,74.3,372.0
74.32023310661316,373.0,74.4,371.0
74.41999316215515,373.0,74.5,370.0
74.52003502845764,373.0,74.6,370.0
74.62002801895142,373.0,74.7,370.0
74.72001600265503,374.0,74.8,370.0
74.82001519203186,373.0,74.9,370.0
74.92007803916931,373.0,75.0,370.0
75.0199921131134,374.0,75.1,370.0
75.12000799179077,373.0,75.2,370.0
75.22000908851624,374.0,75.3,370.0
75.3200170993805,374.0,75.4,370.0
75.4200131893158,371.0,75.5,370.0
75.51998591423035,373.0,75.6,370.0
75.62057614326477,374.0,75.7,370.0
75.72001910209656,376.0,75.8,370.0
75.8200330734253,373.0,75.9,370.0
75.92004108428955,373.0,76.0,370.0
76.02000308036804,373.0,76.1,370.0
76.11999607086182,374.0,76.2,370.0
76.21997904777527,374.0,76.3,370.0
76.32063317298889,376.0,76.4,370.0
76.42007303237915,374.0,76.5,370.0
76.52005410194397,373.0,76.6,370.0
76.6200430393219,371.0,76.7,370.0
76.7199809551239,371.0,76.8,370.0
76.82005000114441,370.0,76.9,370.0
76.91905903816223,365.0,77.0,370.0
77.02013516426086,363.0,77.1,370.0
77.11994194984436,357.0,77.2,370.0
77.219966173172,359.0,77.3,370.0
77.31958889961243,362.0,77.4,370.0
77.4201340675354,360.0,77.5,370.0
77.51995491981506,360.0,77.6,369.0
77.61995720863342,363.0,77.7,368.0
77.72015905380249,363.0,77.8,367.0
77.81998109817505,365.0,77.9,366.0
77.91995215415955,363.0,78.0,365.0
78.02004313468933,365.0,78.1,364.0
78.11997604370117,363.0,78.2,363.0
78.21999287605286,363.0,78.3,362.0
78.3199679851532,355.0,78.4,361.0
78.41998600959778,357.0,78.5,360.0
78.51999115943909,357.0,78.6,359.0
78.61992621421814,357.0,78.7,358.0
78.71993207931519,359.0,78.8,357.0
78.81993794441223,357.0,78.9,356.0
78.91996002197266,359.0,79.0,355.0
79.02009320259094,355.0,79.1,354.0
79.11994004249573,355.0,79.2,353.0
79.21992087364197,355.0,79.3,352.0
79.31981921195984,359.0,79.4,351.0
79.4199390411377,355.0,79.5,350.0
79.51992106437683,357.0,79.6,349.0
79.61991000175476,359.0,79.7,348.0
79.71998405456543,357.0,79.8,347.0
79.81993699073792,357.0,79.9,346.0
79.91999793052673,359.0,80.0,345.0
80.01992392539978,355.0,80.1,344.0
80.1199381351471,355.0,80.2,343.0
80.21990990638733,355.0,80.3,342.0
80.3199200630188,355.0,80.4,341.0
80.42001700401306,355.0,80.5,340.0
80.51995801925659,355.0,80.6,340.0
80.61995005607605,355.0,80.7,340.0
80.71994209289551,343.0,80.8,340.0
80.81995797157288,348.0,80.9,340.0
80.91990804672241,346.0,81.0,340.0
81.01991820335388,344.0,81.1,340.0
81.11988997459412,346.0,81.2,340.0
81.21991896629333,348.0,81.3,340.0
81.31988596916199,346.0,81.4,340.0
81.41993498802185,348.0,81.5,340.0
81.51991009712219,346.0,81.6,340.0
81.61988306045532,346.0,81.7,340.0
81.71996092796326,344.0,81.8,340.0
81.81987690925598,343.0,81.9,340.0
81.919851064682,340.0,82.0,340.0
82.01992201805115,340.0,82.1,340.0
82.11988615989685,337.0,82.2,340.0
82.21991205215454,333.0,82.3,340.0
82.31986808776855,333.0,82.4,340.0
82.41988015174866,333.0,82.5,340.0
82.51988196372986,326.0,82.6,340.0
82.61935591697693,326.0,82.7,340.0
82.72009110450745,329.0,82.8,340.0
82.81961107254028,330.0,82.9,340.0
82.91985487937927,337.0,83.0,340.0
83.01990103721619,340.0,83.1,340.0
83.11983704566956,338.0,83.2,340.0
83.21990895271301,338.0,83.3,340.0
83.319904088974,338.0,83.4,340.0
83.41985607147217,338.0,83.5,340.0
83.51983714103699,338.0,83.6,339.0
83.6198480129242,332.0,83.7,338.0
83.71985602378845,333.0,83.8,337.0
83.81988310813904,332.0,83.9,336.0
83.91963219642639,333.0,84.0,335.0
84.01990389823914,333.0,84.1,334.0
84.11984515190125,330.0,84.2,333.0
84.21981310844421,327.0,84.3,332.0
84.31982111930847,329.0,84.4,331.0
84.41987299919128,329.0,84.5,330.0
84.51985192298889,329.0,84.6,329.0
84.62010788917542,330.0,84.7,328.0
84.71983790397644,327.0,84.8,327.0
84.81986021995544,324.0,84.9,326.0
84.91984295845032,327.0,85.0,325.0
85.01983308792114,329.0,85.1,324.0
85.11985802650452,327.0,85.2,323.0
85.2199981212616,327.0,85.3,322.0
85.31983304023743,322.0,85.4,321.0
85.41980504989624,321.0,85.5,320.0
85.519779920578,322.0,85.6,319.0
85.61989712715149,322.0,85.7,318.0
85.71979904174805,322.0,85.8,317.0
85.81939506530762,321.0,85.9,316.0
85.91982817649841,318.0,86.0,315.0
86.01974105834961,318.0,86.1,314.0
86.11996102333069,313.0,86.2,313.0
86.22002911567688,315.0,86.3,312.0
86.31935906410217,313.0,86.4,311.0
86.41979598999023,313.0,86.5,310.0
86.52003502845764,308.0,86.6,310.0
86.61979007720947,315.0,86.7,310.0
86.71975803375244,319.0,86.8,310.0
86.81976008415222,319.0,86.9,310.0
86.91978192329407,319.0,87.0,310.0
87.01980805397034,321.0,87.1,310.0
87.11979007720947,321.0,87.2,310.0
87.21982789039612,319.0,87.3,310.0
87.31977701187134,321.0,87.4,310.0
87.41979598999023,319.0,87.5,310.0
87.51976990699768,319.0,87.6,310.0
87.61978006362915,319.0,87.7,310.0
87.71983599662781,318.0,87.8,310.0
87.81984806060791,316.0,87.9,310.0
87.919753074646,316.0,88.0,310.0
88.01975107192993,316.0,88.1,310.0
88.12041807174683,316.0,88.2,310.0
88.21982789039612,318.0,88.3,310.0
88.3197729587555,316.0,88.4,310.0
88.41974520683289,318.0,88.5,310.0
88.51982998847961,316.0,88.6,310.0
88.61979794502258,316.0,88.7,310.0
88.71977686882019,316.0,88.8,310.0
88.81975507736206,316.0,88.9,310.0
88.91979098320007,316.0,89.0,310.0
89.02024817466736,310.0,89.1,310.0
89.11992907524109,310.0,89.2,310.0
89.21979689598083,310.0,89.3,310.0
89.31978607177734,302.0,89.4,310.0
89.41978406906128,315.0,89.5,310.0
89.51974511146545,315.0,89.6,309.0
89.61978793144226,308.0,89.7,308.0
89.71973609924316,305.0,89.8,307.0
89.81910395622253,307.0,89.9,306.0
89.92034602165222,300.0,90.0,305.0
90.01976990699768,302.0,90.1,304.0
90.11987614631653,300.0,90.2,303.0
90.21972298622131,302.0,90.3,302.0
90.31974291801453,303.0,90.4,301.0
90.4197781085968,305.0,90.5,300.0
90.51976299285889,303.0,90.6,299.0
90.61977005004883,303.0,90.7,298.0
90.71976017951965,305.0,90.8,297.0
90.81970620155334,303.0,90.9,296.0
90.91973996162415,300.0,91.0,295.0
91.01974701881409,300.0,91.1,294.0
91.11981701850891,300.0,91.2,293.0
91.21969294548035,302.0,91.3,292.0
91.31979489326477,302.0,91.4,291.0
91.41973805427551,302.0,91.5,290.0
91.5202329158783,305.0,91.6,289.0
91.61979007720947,303.0,91.7,288.0
91.71969389915466,300.0,91.8,287.0
91.82000398635864,296.0,91.9,286.0
91.91972398757935,297.0,92.0,285.0
92.019700050354,296.0,92.1,284.0
92.1197440624237,296.0,92.2,283.0
92.21979808807373,294.0,92.3,282.0
92.31967306137085,289.0,92.4,281.0
92.4199059009552,289.0,92.5,280.0
92.51974606513977,285.0,92.6,280.0
92.61972689628601,286.0,92.7,280.0
92.71982407569885,288.0,92.8,280.0
92.81972408294678,283.0,92.9,280.0
92.9196789264679,289.0,93.0,280.0
93.01968121528625,292.0,93.1,280.0
93.11976313591003,294.0,93.2,280.0
93.21972107887268,292.0,93.3,280.0
93.31886506080627,291.0,93.4,280.0
93.4197142124176,289.0,93.5,280.0
93.51966691017151,281.0,93.6,280.0
93.61971592903137,281.0,93.7,280.0
93.71973395347595,280.0,93.8,280.0
93.81965804100037,281.0,93.9,280.0
93.91968894004822,283.0,94.0,280.0
94.01985001564026,283.0,94.1,280.0
94.11970901489258,280.0,94.2,280.0
94.21968817710876,283.0,94.3,280.0
94.31969714164734,285.0,94.4,280.0
94.41966986656189,285.0,94.5,280.0
94.51966214179993,285.0,94.6,280.0
94.61971592903137,283.0,94.7,280.0
94.71965098381042,281.0,94.8,280.0
94.81968307495117,281.0,94.9,280.0
94.9198830127716,280.0,95.0,280.0
95.01973009109497,283.0,95.1,280.0
95.11962914466858,280.0,95.2,280.0
95.21968293190002,275.0,95.3,280.0
95.31992888450623,274.0,95.4,280.0
95.41980910301208,274.0,95.5,280.0
95.51979303359985,277.0,95.6,279.0
95.61967587471008,278.0,95.7,278.0
95.71947693824768,277.0,95.8,277.0
95.81961798667908,274.0,95.9,276.0
95.91970205307007,277.0,96.0,275.0
96.01959705352783,275.0,96.1,274.0
96.11963200569153,275.0,96.2,273.0
96.21962404251099,275.0,96.3,272.0
96.31959700584412,275.0,96.4,271.0
96.41968107223511,274.0,96.5,270.0
96.51967000961304,275.0,96.6,269.0
96.61985206604004,270.0,96.7,268.0
96.71957302093506,269.0,96.8,267.0
96.8196120262146,270.0,96.9,266.0
96.91968321800232,269.0,97.0,265.0
97.01960396766663,266.0,97.1,264.0
97.11965703964233,266.0,97.2,263.0
97.21966290473938,264.0,97.3,262.0
97.32022905349731,263.0,97.4,261.0
97.41966986656189,261.0,97.5,260.0
97.51960587501526,258.0,97.6,259.0
97.61977791786194,250.0,97.7,258.0
97.71956205368042,253.0,97.8,257.0
97.81962513923645,252.0,97.9,256.0
97.91958808898926,252.0,98.0,255.0
98.01963686943054,255.0,98.1,254.0
98.11965703964233,259.0,98.2,253.0
98.22018909454346,259.0,98.3,252.0
98.31963205337524,258.0,98.4,251.0
98.419606924057,259.0,98.5,250.0
98.51963591575623,258.0,98.6,250.0
98.61958718299866,259.0,98.7,250.0
98.71961092948914,261.0,98.8,250.0
98.8196132183075,259.0,98.9,250.0
98.9197108745575,258.0,99.0,250.0
99.02031707763672,253.0,99.1,250.0
99.11958289146423,252.0,99.2,250.0
99.21931505203247,253.0,99.3,250.0
99.31965899467468,253.0,99.4,250.0
99.41960597038269,253.0,99.5,250.0
99.52028608322144,253.0,99.6,250.0
99.61967587471008,255.0,99.7,250.0
99.71955800056458,255.0,99.8,250.0
99.81960105895996,259.0,99.9,250.0
99.91965413093567,258.0,100.0,250.0
100.01963806152344,256.0,100.1,250.0
100.11959409713745,258.0,100.2,250.0
100.21984100341797,255.0,100.3,250.0
100.31958508491516,255.0,100.4,250.0
100.41959309577942,255.0,100.5,250.0
100.5195701122284,252.0,100.6,250.0
100.61958503723145,252.0,100.7,250.0
100.7195930480957,248.0,100.8,250.0
100.81960701942444,244.0,100.9,250.0
100.91956210136414,245.0,101.0,250.0
101.0195791721344,247.0,101.1,250.0
101.11955714225769,247.0,101.2,250.0
101.21963810920715,247.0,101.3,250.0
101.3197250366211,247.0,101.4,250.0
101.41955709457397,244.0,101.5,250.0
101.52009892463684,245.0,101.6,249.0
101.61960816383362,244.0,101.7,248.0
101.7195451259613,240.0,101.8,247.0
101.81954598426819,242.0,101.9,246.0
101.91955494880676,244.0,102.0,245.0
102.01956295967102,244.0,102.1,244.0
102.11955094337463,258.0,102.2,243.0
102.21954894065857,256.0,102.3,242.0
102.31951999664307,250.0,102.4,241.0
102.41954398155212,252.0,102.5,240.0
102.51954293251038,247.0,102.6,239.0
102.61952614784241,247.0,102.7,238.0
102.71901297569275,240.0,102.8,237.0
102.81963419914246,242.0,102.9,236.0
102.91952919960022,242.0,103.0,235.0
103.02021288871765,236.0,103.1,234.0
103.1195330619812,237.0,103.2,233.0
103.21962714195251,234.0,103.3,232.0
103.31951999664307,233.0,103.4,231.0
103.41950702667236,233.0,103.5,230.0
103.51953291893005,229.0,103.6,229.0
103.61945104598999,229.0,103.7,228.0
103.71947312355042,226.0,103.8,227.0
103.81884407997131,218.0,103.9,226.0
103.91946721076965,218.0,104.0,225.0
104.01951813697815,220.0,104.1,224.0
104.1194999217987,222.0,104.2,223.0
104.21950602531433,223.0,104.3,222.0
104.3195149898529,225.0,104.4,221.0
104.419517993927,225.0,104.5,220.0
104.51950812339783,223.0,104.6,220.0
104.61950087547302,223.0,104.7,220.0
104.71950006484985,225.0,104.8,220.0
104.82002997398376,225.0,104.9,220.0
104.91944408416748,225.0,105.0,220.0
105.01946902275085,225.0,105.1,220.0
105.11921715736389,225.0,105.2,220.0
105.21966600418091,223.0,105.3,220.0
105.31949305534363,223.0,105.4,220.0
105.4195249080658,226.0,105.5,220.0
105.51948499679565,225.0,105.6,220.0
105.61946201324463,225.0,105.7,220.0
105.71948909759521,225.0,105.8,220.0
105.81964302062988,225.0,105.9,220.0
105.91950821876526,223.0,106.0,220.0
106.01949191093445,225.0,106.1,220.0
106.1194360256195,223.0,106.2,220.0
106.21946310997009,222.0,106.3,220.0
106.31945610046387,222.0,106.4,220.0
106.41958689689636,222.0,106.5,220.0
106.51946711540222,222.0,106.6,220.0
106.61945700645447,218.0,106.7,220.0
106.71946001052856,218.0,106.8,220.0
106.81949210166931,217.0,106.9,220.0
106.91948819160461,217.0,107.0,220.0
107.01970100402832,222.0,107.1,220.0
107.11950421333313,222.0,107.2,220.0
107.21941494941711,212.0,107.3,220.0
107.31940507888794,217.0,107.4,220.0
107.41959595680237,218.0,107.5,220.0
107.51956105232239,218.0,107.6,219.0
107.61947798728943,220.0,107.7,218.0
107.71966195106506,215.0,107.8,217.0
107.81907105445862,215.0,107.9,216.0
107.91943502426147,215.0,108.0,215.0
108.01858019828796,212.0,108.1,214.0
108.11943316459656,214.0,108.2,213.0
108.21943688392639,211.0,108.3,212.0
108.31950902938843,212.0,108.4,211.0
108.41943001747131,214.0,108.5,210.0
108.51943898200989,214.0,108.6,209.0
108.61940598487854,214.0,108.7,208.0
108.71938014030457,212.0,108.8,207.0
108.81945204734802,211.0,108.9,206.0
108.91944408416748,211.0,109.0,205.0
109.01942896842957,207.0,109.1,204.0
109.11942601203918,211.0,109.2,203.0
109.21939706802368,207.0,109.3,202.0
109.31939387321472,206.0,109.4,201.0
109.41959309577942,206.0,109.5,200.0
109.51958012580872,201.0,109.6,199.0
109.61960911750793,193.0,109.7,198.0
109.71957898139954,198.0,109.8,197.0
109.81958103179932,196.0,109.9,196.0
109.91955018043518,196.0,110.0,195.0
110.01954293251038,198.0,110.1,194.0
110.1199381351471,200.0,110.2,193.0
110.21943593025208,200.0,110.3,192.0
110.32022500038147,196.0,110.4,191.0
110.41959404945374,198.0,110.5,190.0
110.5196180343628,195.0,110.6,190.0
110.61963105201721,196.0,110.7,190.0
110.71971392631531,195.0,110.8,190.0
110.8197410106659,195.0,110.9,190.0
110.91956686973572,193.0,111.0,190.0
111.01961302757263,193.0,111.1,190.0
111.11954188346863,195.0,111.2,190.0
111.21954321861267,193.0,111.3,190.0
111.31970000267029,195.0,111.4,190.0
111.41950297355652,196.0,111.5,190.0
111.51955103874207,198.0,111.6,190.0
111.61978602409363,196.0,111.7,190.0
111.71963095664978,196.0,111.8,190.0
111.81963801383972,195.0,111.9,190.0
111.91869807243347,195.0,112.0,190.0
112.01977515220642,195.0,112.1,190.0
112.11966490745544,198.0,112.2,190.0
112.21973204612732,196.0,112.3,190.0
112.31874704360962,196.0,112.4,190.0
112.41977405548096,198.0,112.5,190.0
112.51972007751465,198.0,112.6,190.0
112.6198341846466,196.0,112.7,190.0
112.71974396705627,196.0,112.8,190.0
112.81993889808655,195.0,112.9,190.0
112.91963219642639,193.0,113.0,190.0
113.019690990448,192.0,113.1,190.0
113.11965703964233,189.0,113.2,190.0
113.21969509124756,187.0,113.3,190.0
113.31959199905396,189.0,113.4,190.0
113.41954493522644,181.0,113.5,190.0
113.51966118812561,181.0,113.6,189.0
113.61944007873535,176.0,113.7,188.0
113.71986603736877,179.0,113.8,187.0
113.81949210166931,179.0,113.9,186.0
113.9197371006012,178.0,114.0,185.0
114.01971888542175,181.0,114.1,184.0
114.11948418617249,182.0,114.2,183.0
114.21950888633728,184.0,114.3,182.0
114.31958413124084,189.0,114.4,181.0
114.4194769859314,189.0,114.5,180.0
114.5194730758667,189.0,114.6,179.0
114.61972212791443,189.0,114.7,178.0
114.71953797340393,189.0,114.8,177.0
114.81947493553162,189.0,114.9,176.0
114.91957592964172,187.0,115.0,175.0
115.01952004432678,185.0,115.1,174.0
115.11949896812439,185.0,115.2,173.0
115.2200539112091,185.0,115.3,172.0
115.31979298591614,185.0,115.4,171.0
115.41974520683289,182.0,115.5,170.0
115.51998209953308,173.0,115.6,169.0
115.6209020614624,174.0,115.7,168.0
115.71946120262146,174.0,115.8,167.0
115.81945610046387,176.0,115.9,166.0
115.9197289943695,176.0,116.0,165.0
116.01944899559021,174.0,116.1,164.0
116.12044596672058,173.0,116.2,163.0
116.22022318840027,174.0,116.3,162.0
116.32001090049744,173.0,116.4,161.0
116.4205391407013,173.0,116.5,160.0
116.5197331905365,173.0,116.6,160.0
116.61972999572754,173.0,116.7,160.0
116.71977305412292,173.0,116.8,160.0
116.81980204582214,171.0,116.9,160.0
116.91971898078918,171.0,117.0,160.0
117.01973104476929,171.0,117.1,160.0
117.11992621421814,170.0,117.2,160.0
117.21967101097107,170.0,117.3,160.0
117.31948399543762,170.0,117.4,160.0
117.41993308067322,166.0,117.5,160.0
117.51938796043396,166.0,117.6,160.0
117.6196391582489,170.0,117.7,160.0
117.71928000450134,168.0,117.8,160.0
117.81894207000732,170.0,117.9,160.0
117.91979598999023,171.0,118.0,160.0
118.01943612098694,173.0,118.1,160.0
118.11947894096375,173.0,118.2,160.0
118.2192919254303,171.0,118.3,160.0
118.31940507888794,171.0,118.4,160.0
118.41944909095764,170.0,118.5,160.0
118.51941800117493,171.0,118.6,160.0
118.61947798728943,171.0,118.7,160.0
118.71940493583679,171.0,118.8,160.0
118.81982398033142,171.0,118.9,160.0
118.91967988014221,171.0,119.0,160.0
119.02084994316101,170.0,119.1,160.0
119.1194269657135,165.0,119.2,160.0
119.21939015388489,163.0,119.3,160.0
119.3190770149231,159.0,119.4,160.0
119.4193708896637,159.0,119.5,160.0
119.51942896842957,159.0,119.6,159.0
119.61966800689697,157.0,119.7,158.0
119.71964907646179,155.0,119.8,157.0
119.81972908973694,152.0,119.9,156.0
119.91970109939575,152.0,120.0,155.0
120.01970505714417,151.0,120.1,154.0
120.12007594108582,152.0,120.2,153.0
120.2196581363678,151.0,120.3,152.0
120.31963205337524,151.0,120.4,151.0
120.41954302787781,148.0,120.5,150.0
120.51966404914856,148.0,120.6,149.0
120.6201720237732,146.0,120.7,148.0
120.71962904930115,143.0,120.8,147.0
120.81964612007141,143.0,120.9,146.0
120.92021107673645,141.0,121.0,145.0
121.01967120170593,141.0,121.1,144.0
121.1196072101593,143.0,121.2,143.0
121.21937608718872,144.0,121.3,142.0
121.31963205337524,144.0,121.4,141.0
121.41989016532898,144.0,121.5,140.0
121.51963400840759,143.0,121.6,139.0
121.61963295936584,143.0,121.7,138.0
121.71964192390442,143.0,121.8,137.0
121.8196210861206,141.0,121.9,136.0
121.91961407661438,141.0,122.0,135.0
122.01988506317139,141.0,122.1,134.0
122.11996698379517,141.0,122.2,133.0
122.21974015235901,144.0,122.3,132.0
122.31959319114685,143.0,122.4,131.0
122.41983914375305,141.0,122.5,130.0
122.51969909667969,141.0,122.6,130.0
122.61943411827087,143.0,122.7,130.0
122.71969103813171,144.0,122.8,130.0
122.81963610649109,138.0,122.9,130.0
122.91930890083313,140.0,123.0,130.0
123.01956391334534,143.0,123.1,130.0
123.11959409713745,141.0,123.2,130.0
123.21958208084106,144.0,123.3,130.0
123.31956100463867,146.0,123.4,130.0
123.41995596885681,144.0,123.5,130.0
123.52092409133911,137.0,123.6,130.0
123.62008905410767,141.0,123.7,130.0
123.7201521396637,143.0,123.8,130.0
123.8195788860321,138.0,123.9,130.0
123.91974186897278,133.0,124.0,130.0
124.01960396766663,132.0,124.1,130.0
124.11957502365112,130.0,124.2,130.0
124.22050404548645,130.0,124.3,130.0
124.31987690925598,129.0,124.4,130.0
124.41955018043518,129.0,124.5,130.0
124.51951813697815,126.0,124.6,130.0
124.61954808235168,126.0,124.7,130.0
124.7195611000061,118.0,124.8,130.0
124.81952214241028,115.0,124.9,130.0
124.91930317878723,115.0,125.0,130.0
125.01968121528625,115.0,125.1,130.0
125.11969804763794,116.0,125.2,130.0
125.219731092453,121.0,125.3,130.0
125.31885004043579,124.0,125.4,130.0
125.41968989372253,129.0,125.5,130.0
125.51952910423279,130.0,125.6,129.0
125.61953902244568,129.0,125.7,128.0
125.71902799606323,129.0,125.8,127.0
125.81980395317078,129.0,125.9,126.0
125.91953110694885,129.0,126.0,125.0
126.01955389976501,129.0,126.1,124.0
126.11962008476257,126.0,126.2,123.0
126.21996712684631,126.0,126.3,122.0
126.3211190700531,121.0,126.4,121.0
126.41969203948975,124.0,126.5,120.0
126.51951813697815,129.0,126.6,119.0
126.6205141544342,127.0,126.7,118.0
126.7206928730011,124.0,126.8,117.0
126.81951212882996,122.0,126.9,116.0
126.92060017585754,121.0,127.0,115.0
127.0195701122284,119.0,127.1,114.0
127.1192409992218,119.0,127.2,113.0
127.21927094459534,116.0,127.3,112.0
127.31955790519714,113.0,127.4,111.0
127.42022800445557,111.0,127.5,110.0
127.5208261013031,102.0,127.6,109.0
127.61984515190125,102.0,127.7,108.0
127.71992516517639,100.0,127.8,107.0
127.81989693641663,96.0,127.9,106.0
127.91968989372253,96.0,128.0,105.0
128.0204451084137,100.0,128.1,104.0
128.1202518939972,100.0,128.2,103.0
128.21945786476135,102.0,128.3,102.0
128.3192698955536,102.0,128.4,101.0
128.42035603523254,103.0,128.5,100.0
128.51987504959106,107.0,128.6,100.0
128.61948704719543,107.0,128.7,100.0
128.71989107131958,107.0,128.8,100.0
128.8199179172516,107.0,128.9,100.0
128.92473721504211,107.0,129.0,100.0
129.0198540687561,108.0,129.1,100.0
129.11954188346863,108.0,129.2,100.0
129.21950221061707,108.0,129.3,100.0
129.319885969162,108.0,129.4,100.0
129.41990113258362,108.0,129.5,100.0
129.5198781490326,110.0,129.6,100.0
129.61988711357117,108.0,129.7,100.0
129.71989798545837,108.0,129.8,100.0
129.8199861049652,111.0,129.9,100.0
129.92125487327576,110.0,130.0,100.0
130.01987409591675,110.0,131.0,100.0
130.1198980808258,110.0,,
130.2201750278473,111.0,,
130.31987690925598,110.0,,
130.42138695716858,108.0,,
130.51975512504578,99.0,,
130.61987400054932,96.0,,
130.71987199783325,81.0,,
130.81939721107483,78.0,,
130.9198591709137,77.0,,
131.01945400238037,72.0,,
