time[s],value[g],targetTime[g],target[g]
1.0013580322265625e-05,121.0,0.0,100.0
0.08546590805053711,121.0,0.1,100.0
0.17025303840637207,121.0,0.2,100.0
0.2538759708404541,121.0,0.3,100.0
0.3393421173095703,119.0,0.4,100.0
0.42337989807128906,119.0,0.5,100.0
0.5156469345092773,119.0,0.6,100.0
0.6157410144805908,125.0,0.7,100.0
0.7156038284301758,161.0,0.8,100.0
0.8156118392944336,184.0,0.9,100.0
0.9157938957214355,169.0,1.0,100.0
1.0155339241027832,155.0,1.1,100.0
1.1155929565429688,146.0,1.2,100.0
1.2156319618225098,131.0,1.3,100.0
1.3155860900878906,116.0,1.4,100.0
1.4155399799346924,112.0,1.5,100.0
1.5155830383300781,110.0,1.6,100.0
1.6155970096588135,108.0,1.7,100.0
1.7156901359558105,106.0,1.8,100.0
1.8155839443206787,106.0,1.9,100.0
1.9154281616210938,106.0,2.0,100.0
2.015617847442627,100.0,2.1,100.0
2.115442991256714,97.0,2.2,100.0
2.2155580520629883,95.0,2.3,100.0
2.3155131340026855,91.0,2.4,100.0
2.4155759811401367,91.0,2.5,100.0
2.5155529975891113,93.0,2.6,100.0
2.6157078742980957,106.0,2.7,100.0
2.7155020236968994,112.0,2.8,100.0
2.815500020980835,114.0,2.9,100.0
2.915778160095215,127.0,3.0,100.0
3.0155348777770996,140.0,3.1,100.0
3.1155428886413574,134.0,3.2,100.0
3.2156548500061035,131.0,3.3,100.0
3.3157248497009277,131.0,3.4,100.0
3.4155988693237305,138.0,3.5,100.0
3.5154829025268555,140.0,3.6,100.0
3.6155171394348145,155.0,3.7,100.0
3.7155208587646484,157.0,3.8,100.0
3.8156261444091797,165.0,3.9,100.0
3.9155311584472656,188.0,4.0,100.0
4.015529155731201,193.0,4.1,100.0
4.115573883056641,205.0,4.2,100.0
4.215533018112183,233.0,4.3,100.0
4.315508842468262,241.0,4.4,100.0
4.415463924407959,237.0,4.5,100.0
4.515520095825195,235.0,4.6,100.0
4.615510940551758,239.0,4.7,100.0
4.715572834014893,223.0,4.8,100.0
4.815490007400513,182.0,4.9,100.0
4.9155778884887695,127.0,5.0,100.0
5.0155110359191895,112.0,5.1,100.0
5.115494966506958,102.0,5.2,100.0
5.215530872344971,93.0,5.3,100.0
5.315474987030029,91.0,5.4,100.0
5.415488958358765,91.0,5.5,100.0
5.5154571533203125,93.0,5.6,100.0
5.6154351234436035,87.0,5.7,100.0
5.715473175048828,87.0,5.8,100.0
5.815665006637573,87.0,5.9,100.0
5.9154510498046875,89.0,6.0,100.0
6.0154869556427,89.0,6.1,100.0
6.115461826324463,91.0,6.2,100.0
6.215692043304443,112.0,6.3,100.0
6.315502166748047,116.0,6.4,100.0
6.41547703742981,119.0,6.5,100.0
6.5156309604644775,133.0,6.6,100.0
6.615471839904785,148.0,6.7,100.0
6.715450048446655,155.0,6.8,100.0
6.815469026565552,163.0,6.9,100.0
6.915596008300781,170.0,7.0,100.0
7.015440940856934,182.0,7.1,100.0
7.115571975708008,178.0,7.2,100.0
7.215456962585449,165.0,7.3,100.0
7.315445899963379,161.0,7.4,100.0
7.415809154510498,163.0,7.5,100.0
7.515462875366211,153.0,7.6,100.0
7.6154680252075195,148.0,7.7,100.0
7.715579032897949,136.0,7.8,100.0
7.815423965454102,140.0,7.9,100.0
7.9154579639434814,140.0,8.0,100.0
8.015373945236206,140.0,8.1,100.0
8.115532875061035,140.0,8.2,100.0
8.215433120727539,140.0,8.3,100.0
8.315360069274902,140.0,8.4,100.0
8.41539192199707,134.0,8.5,100.0
8.51540493965149,116.0,8.6,100.0
8.615375995635986,112.0,8.7,100.0
8.715382099151611,114.0,8.8,100.0
8.81541395187378,112.0,8.9,100.0
8.915364027023315,114.0,9.0,100.0
9.015382051467896,121.0,9.1,100.0
9.115397930145264,136.0,9.2,100.0
9.215620040893555,148.0,9.3,100.0
9.315474033355713,155.0,9.4,100.0
9.41561508178711,180.0,9.5,100.0
9.5156569480896,189.0,9.6,100.0
9.615405082702637,195.0,9.7,100.0
9.71540117263794,212.0,9.8,100.0
9.815514087677002,220.0,9.9,100.0
9.91542387008667,218.0,10.0,100.0
10.015419006347656,216.0,10.1,100.0
10.11546802520752,212.0,10.2,100.0
10.215353965759277,201.0,10.3,100.0
10.315384864807129,163.0,10.4,100.0
10.415719985961914,133.0,10.5,100.0
10.515368938446045,125.0,10.6,100.0
10.615365982055664,114.0,10.7,100.0
10.715496063232422,114.0,10.8,100.0
10.815368175506592,114.0,10.9,100.0
10.91537094116211,114.0,11.0,100.0
11.015524864196777,114.0,11.1,100.0
11.115355014801025,114.0,11.2,100.0
11.215368032455444,110.0,11.3,100.0
11.315672874450684,102.0,11.4,100.0
11.415338039398193,97.0,11.5,100.0
11.514376163482666,93.0,11.6,100.0
11.615960121154785,100.0,11.7,101.0
11.714512825012207,114.0,11.8,102.0
11.815505981445312,148.0,11.9,103.0
11.914283990859985,159.0,12.0,104.0
12.014384984970093,176.0,12.1,105.0
12.115510940551758,199.0,12.2,106.0
12.215488910675049,203.0,12.3,107.0
12.31444001197815,205.0,12.4,108.0
12.414422988891602,206.0,12.5,109.0
12.515757083892822,174.0,12.6,110.0
12.615463972091675,131.0,12.7,111.0
12.714426040649414,114.0,12.8,112.0
12.814310073852539,114.0,12.9,113.0
12.91537594795227,114.0,13.0,114.0
13.015356063842773,114.0,13.1,115.0
13.115319013595581,108.0,13.2,116.0
13.215309143066406,106.0,13.3,117.0
13.315423965454102,106.0,13.4,118.0
13.415709972381592,114.0,13.5,119.0
13.51526403427124,121.0,13.6,120.0
13.614590167999268,136.0,13.7,121.0
13.71444296836853,140.0,13.8,122.0
13.815237998962402,138.0,13.9,123.0
13.915238857269287,117.0,14.0,124.0
14.01567792892456,97.0,14.1,125.0
14.115263938903809,97.0,14.2,126.0
14.214491844177246,91.0,14.3,127.0
14.316141128540039,81.0,14.4,128.0
14.415243148803711,76.0,14.5,129.0
14.515231132507324,74.0,14.6,130.0
14.61567497253418,74.0,14.7,130.0
14.714398860931396,125.0,14.8,130.0
14.815263032913208,184.0,14.9,130.0
14.915611982345581,218.0,15.0,130.0
15.014441967010498,269.0,15.1,130.0
15.115242004394531,320.0,15.2,130.0
15.21437406539917,341.0,15.3,130.0
15.315445899963379,350.0,15.4,130.0
15.414466857910156,367.0,15.5,130.0
15.515638828277588,383.0,15.6,130.0
15.615346908569336,371.0,15.7,130.0
15.714485168457031,314.0,15.8,130.0
15.815489053726196,299.0,15.9,130.0
15.91447901725769,254.0,16.0,130.0
16.015220165252686,205.0,16.1,130.0
16.115500926971436,165.0,16.2,130.0
16.215320110321045,159.0,16.3,130.0
16.315211057662964,159.0,16.4,130.0
16.41517400741577,159.0,16.5,130.0
16.515305042266846,157.0,16.6,130.0
16.6152081489563,153.0,16.7,130.0
16.71551203727722,127.0,16.8,130.0
16.815196990966797,117.0,16.9,130.0
16.915132999420166,155.0,17.0,130.0
17.015510082244873,205.0,17.1,130.0
17.1146240234375,235.0,17.2,130.0
17.21457600593567,241.0,17.3,130.0
17.315505981445312,263.0,17.4,130.0
17.41502594947815,275.0,17.5,130.0
17.515180110931396,292.0,17.6,130.0
17.615445137023926,309.0,17.7,131.0
17.715221881866455,318.0,17.8,132.0
17.814673900604248,322.0,17.9,133.0
17.91593098640442,259.0,18.0,134.0
18.01515483856201,223.0,18.1,135.0
18.115167140960693,223.0,18.2,136.0
18.215780019760132,208.0,18.3,137.0
18.314507961273193,199.0,18.4,138.0
18.41456890106201,182.0,18.5,139.0
18.515467166900635,163.0,18.6,140.0
18.615181922912598,161.0,18.7,141.0
18.715160846710205,148.0,18.8,142.0
18.81550693511963,163.0,18.9,143.0
18.9145929813385,191.0,19.0,144.0
19.01458501815796,197.0,19.1,145.0
19.115468978881836,229.0,19.2,146.0
19.215142965316772,277.0,19.3,147.0
19.315139055252075,320.0,19.4,148.0
19.41544008255005,366.0,19.5,149.0
19.51514482498169,371.0,19.6,150.0
19.61520004272461,411.0,19.7,151.0
19.71554183959961,411.0,19.8,152.0
19.81512212753296,407.0,19.9,153.0
19.914610862731934,394.0,20.0,154.0
20.015535831451416,297.0,20.1,155.0
20.115253925323486,205.0,20.2,156.0
20.215117931365967,186.0,20.3,157.0
20.315476894378662,178.0,20.4,158.0
20.41510581970215,178.0,20.5,159.0
20.51508092880249,225.0,20.6,160.0
20.61563491821289,256.0,20.7,160.0
20.715096950531006,275.0,20.8,160.0
20.81464695930481,282.0,20.9,160.0
20.915492057800293,311.0,21.0,160.0
21.014956951141357,303.0,21.1,160.0
21.115092992782593,286.0,21.2,160.0
21.21564292907715,256.0,21.3,160.0
21.315298080444336,223.0,21.4,160.0
21.414862155914307,188.0,21.5,160.0
21.515469074249268,150.0,21.6,160.0
21.614660024642944,142.0,21.7,160.0
21.71468210220337,189.0,21.8,160.0
21.815764904022217,212.0,21.9,160.0
21.914684057235718,218.0,22.0,160.0
22.014665126800537,233.0,22.1,160.0
22.115442991256714,263.0,22.2,160.0
22.215057849884033,250.0,22.3,160.0
22.31506109237671,195.0,22.4,160.0
22.415534019470215,127.0,22.5,160.0
22.51505398750305,127.0,22.6,160.0
22.614675045013428,178.0,22.7,160.0
22.715595960617065,225.0,22.8,160.0
22.815045833587646,259.0,22.9,160.0
22.9150869846344,290.0,23.0,160.0
23.01552700996399,347.0,23.1,160.0
23.114838123321533,390.0,23.2,160.0
23.2146999835968,390.0,23.3,160.0
23.31546401977539,337.0,23.4,160.0
23.41503095626831,203.0,23.5,160.0
23.51472496986389,123.0,23.6,160.0
23.61446714401245,106.0,23.7,161.0
23.71515417098999,102.0,23.8,162.0
23.814757823944092,163.0,23.9,163.0
23.91553783416748,231.0,24.0,164.0
24.014748096466064,246.0,24.1,165.0
24.114334106445312,267.0,24.2,166.0
24.215538024902344,303.0,24.3,167.0
24.314756870269775,331.0,24.4,168.0
24.414989948272705,343.0,24.5,169.0
24.514734983444214,343.0,24.6,170.0
24.614171981811523,331.0,24.7,171.0
24.714802980422974,271.0,24.8,172.0
24.81545901298523,148.0,24.9,173.0
24.914993047714233,133.0,25.0,174.0
25.014776945114136,117.0,25.1,175.0
25.114171028137207,117.0,25.2,176.0
25.214964866638184,123.0,25.3,177.0
25.314775943756104,129.0,25.4,178.0
25.415527820587158,129.0,25.5,179.0
25.51480007171631,131.0,25.6,180.0
25.61493492126465,140.0,25.7,181.0
25.714847087860107,150.0,25.8,182.0
25.814996004104614,178.0,25.9,183.0
25.91496205329895,199.0,26.0,184.0
26.015557050704956,248.0,26.1,185.0
26.1149640083313,259.0,26.2,186.0
26.21498203277588,269.0,26.3,187.0
26.315639972686768,273.0,26.4,188.0
26.414836883544922,220.0,26.5,189.0
26.514976978302002,155.0,26.6,190.0
26.61491107940674,121.0,26.7,190.0
26.714934825897217,121.0,26.8,190.0
26.81510591506958,157.0,26.9,190.0
26.915515899658203,212.0,27.0,190.0
27.014944076538086,212.0,27.1,190.0
27.114973068237305,222.0,27.2,190.0
27.215775966644287,250.0,27.3,190.0
27.31506109237671,258.0,27.4,190.0
27.415076971054077,261.0,27.5,190.0
27.51554584503174,258.0,27.6,190.0
27.614925861358643,205.0,27.7,190.0
27.71495795249939,163.0,27.8,190.0
27.815453052520752,127.0,27.9,190.0
27.914860010147095,117.0,28.0,190.0
28.014843940734863,119.0,28.1,190.0
28.11561107635498,163.0,28.2,190.0
28.214898109436035,205.0,28.3,190.0
28.31503701210022,241.0,28.4,190.0
28.41493511199951,256.0,28.5,190.0
28.514891147613525,267.0,28.6,190.0
28.614923000335693,275.0,28.7,190.0
28.715513944625854,180.0,28.8,190.0
28.81492304801941,117.0,28.9,190.0
28.91491413116455,102.0,29.0,190.0
29.01545810699463,104.0,29.1,190.0
29.113967895507812,119.0,29.2,190.0
29.21488904953003,146.0,29.3,190.0
29.31611394882202,180.0,29.4,190.0
29.414895057678223,197.0,29.5,190.0
29.51490306854248,227.0,29.6,190.0
29.61631202697754,265.0,29.7,191.0
29.714898109436035,280.0,29.8,192.0
29.81502389907837,273.0,29.9,193.0
29.915585041046143,201.0,30.0,194.0
30.014913082122803,138.0,30.1,195.0
30.114920139312744,125.0,30.2,196.0
30.214874029159546,123.0,30.3,197.0
30.31488800048828,165.0,30.4,198.0
30.41491198539734,189.0,30.5,199.0
30.515400886535645,244.0,30.6,200.0
30.61472201347351,246.0,30.7,201.0
30.71490502357483,261.0,30.8,202.0
30.81487202644348,278.0,30.9,203.0
30.914865970611572,250.0,31.0,204.0
31.01487112045288,155.0,31.1,205.0
31.11555504798889,108.0,31.2,206.0
31.214874029159546,102.0,31.3,207.0
31.31487202644348,104.0,31.4,208.0
31.415493965148926,189.0,31.5,209.0
31.514878034591675,231.0,31.6,210.0
31.61492395401001,263.0,31.7,211.0
31.71552801132202,258.0,31.8,212.0
31.814857006072998,225.0,31.9,213.0
31.9149169921875,182.0,32.0,214.0
32.015554904937744,138.0,32.1,215.0
32.11488389968872,106.0,32.2,216.0
32.21486711502075,87.0,32.3,217.0
32.31480312347412,80.0,32.4,218.0
32.41483998298645,80.0,32.5,219.0
32.514832973480225,81.0,32.6,220.0
32.61546993255615,72.0,32.7,220.0
32.71484088897705,13.0,32.8,220.0
32.81483793258667,15.0,32.9,220.0
32.915607929229736,63.0,33.0,220.0
33.01484203338623,127.0,33.1,220.0
33.11483716964722,174.0,33.2,220.0
33.215980052948,197.0,33.3,220.0
33.314841985702515,218.0,33.4,220.0
33.414819955825806,250.0,33.5,220.0
33.51549196243286,292.0,33.6,220.0
33.614827156066895,320.0,33.7,220.0
33.7148220539093,352.0,33.8,220.0
33.81477403640747,356.0,33.9,220.0
33.914823055267334,356.0,34.0,220.0
34.014811992645264,369.0,34.1,220.0
34.115468978881836,369.0,34.2,220.0
34.214807987213135,343.0,34.3,220.0
34.314815044403076,246.0,34.4,220.0
34.41557216644287,237.0,34.5,220.0
34.51482701301575,210.0,34.6,220.0
34.61479187011719,127.0,34.7,220.0
34.71554088592529,100.0,34.8,220.0
34.81479001045227,98.0,34.9,220.0
34.914798974990845,100.0,35.0,220.0
35.01552605628967,100.0,35.1,220.0
35.11477184295654,100.0,35.2,220.0
35.21476984024048,112.0,35.3,220.0
35.3154730796814,163.0,35.4,220.0
35.4147789478302,169.0,35.5,220.0
35.51474714279175,188.0,35.6,220.0
35.61562395095825,191.0,35.7,221.0
35.71493697166443,193.0,35.8,222.0
35.81482982635498,201.0,35.9,223.0
35.91569805145264,218.0,36.0,224.0
36.01477599143982,225.0,36.1,225.0
36.11476182937622,227.0,36.2,226.0
36.21473503112793,231.0,36.3,227.0
36.31483507156372,241.0,36.4,228.0
36.414759159088135,242.0,36.5,229.0
36.51553392410278,220.0,36.6,230.0
36.61480188369751,212.0,36.7,231.0
36.714763164520264,212.0,36.8,232.0
36.81585502624512,195.0,36.9,233.0
36.91484212875366,189.0,37.0,234.0
37.0147590637207,189.0,37.1,235.0
37.11483192443848,189.0,37.2,236.0
37.2147479057312,169.0,37.3,237.0
37.31474304199219,148.0,37.4,238.0
37.4155650138855,144.0,37.5,239.0
37.51474094390869,150.0,37.6,240.0
37.61473512649536,153.0,37.7,241.0
37.715609073638916,178.0,37.8,242.0
37.81474685668945,195.0,37.9,243.0
37.914746046066284,201.0,38.0,244.0
38.015535831451416,222.0,38.1,245.0
38.11488199234009,237.0,38.2,246.0
38.214712142944336,244.0,38.3,247.0
38.31573700904846,250.0,38.4,248.0
38.41471195220947,271.0,38.5,249.0
38.51470398902893,271.0,38.6,250.0
38.61556100845337,259.0,38.7,250.0
38.7146999835968,244.0,38.8,250.0
38.814708948135376,227.0,38.9,250.0
38.915502071380615,206.0,39.0,250.0
39.01470494270325,199.0,39.1,250.0
39.114701986312866,191.0,39.2,250.0
39.21466016769409,188.0,39.3,250.0
39.314695835113525,186.0,39.4,250.0
39.414926052093506,189.0,39.5,250.0
39.51546502113342,205.0,39.6,250.0
39.61474895477295,214.0,39.7,250.0
39.71469497680664,225.0,39.8,250.0
39.81554198265076,263.0,39.9,250.0
39.91469383239746,265.0,40.0,250.0
40.014689922332764,265.0,40.1,250.0
40.1146240234375,269.0,40.2,250.0
40.21467590332031,241.0,40.3,250.0
40.314671993255615,206.0,40.4,250.0
40.41559982299805,172.0,40.5,250.0
40.51467514038086,163.0,40.6,250.0
40.61470103263855,161.0,40.7,250.0
40.71484184265137,159.0,40.8,250.0
40.81471490859985,153.0,40.9,250.0
40.91464304924011,170.0,41.0,250.0
41.01549196243286,216.0,41.1,250.0
41.114656925201416,229.0,41.2,250.0
41.2146430015564,246.0,41.3,250.0
41.315399169921875,269.0,41.4,250.0
41.41472601890564,284.0,41.5,250.0
41.514750957489014,284.0,41.6,250.0
41.6154670715332,312.0,41.7,251.0
41.71467113494873,314.0,41.8,252.0
41.81457495689392,271.0,41.9,253.0
41.91543197631836,157.0,42.0,254.0
42.014776945114136,146.0,42.1,255.0
42.11461305618286,146.0,42.2,256.0
42.21551299095154,148.0,42.3,257.0
42.31460404396057,172.0,42.4,258.0
42.41461515426636,203.0,42.5,259.0
42.51550006866455,250.0,42.6,260.0
42.61460590362549,265.0,42.7,261.0
42.71459102630615,301.0,42.8,262.0
42.815515995025635,330.0,42.9,263.0
42.91461515426636,345.0,43.0,264.0
43.01408004760742,347.0,43.1,265.0
43.115578174591064,348.0,43.2,266.0
43.2145791053772,335.0,43.3,267.0
43.31488299369812,311.0,43.4,268.0
43.41546106338501,280.0,43.5,269.0
43.51456308364868,235.0,43.6,270.0
43.614588022232056,184.0,43.7,271.0
43.7137508392334,172.0,43.8,272.0
43.81453800201416,165.0,43.9,273.0
43.91454195976257,167.0,44.0,274.0
44.01544499397278,191.0,44.1,275.0
44.11477303504944,199.0,44.2,276.0
44.214580059051514,212.0,44.3,277.0
44.31576490402222,222.0,44.4,278.0
44.41452503204346,220.0,44.5,279.0
44.5145320892334,208.0,44.6,280.0
44.61547088623047,220.0,44.7,280.0
44.7145471572876,261.0,44.8,280.0
44.814560890197754,292.0,44.9,280.0
44.91369915008545,311.0,45.0,280.0
45.01450490951538,328.0,45.1,280.0
45.11452388763428,347.0,45.2,280.0
45.21535682678223,375.0,45.3,280.0
45.31450295448303,379.0,45.4,280.0
45.414515018463135,354.0,45.5,280.0
45.51535105705261,275.0,45.6,280.0
45.61432600021362,220.0,45.7,280.0
45.7145049571991,180.0,45.8,280.0
45.81545686721802,152.0,45.9,280.0
45.914494037628174,144.0,46.0,280.0
46.014492988586426,144.0,46.1,280.0
46.1154899597168,146.0,46.2,280.0
46.21449303627014,152.0,46.3,280.0
46.314488887786865,172.0,46.4,280.0
46.415449142456055,188.0,46.5,280.0
46.51444387435913,220.0,46.6,280.0
46.614492893218994,273.0,46.7,280.0
46.714478969573975,284.0,46.8,280.0
46.81458497047424,297.0,46.9,280.0
46.91461801528931,333.0,47.0,280.0
47.015324115753174,362.0,47.1,280.0
47.11431002616882,367.0,47.2,280.0
47.21451187133789,328.0,47.3,280.0
47.31524300575256,218.0,47.4,280.0
47.41450786590576,178.0,47.5,280.0
47.51449799537659,150.0,47.6,280.0
47.615437030792236,134.0,47.7,281.0
47.714684009552,125.0,47.8,282.0
47.81446313858032,116.0,47.9,283.0
47.91540288925171,121.0,48.0,284.0
48.014381885528564,150.0,48.1,285.0
48.114490032196045,180.0,48.2,286.0
48.215641021728516,246.0,48.3,287.0
48.31440997123718,292.0,48.4,288.0
48.41446590423584,316.0,48.5,289.0
48.515307903289795,366.0,48.6,290.0
48.61440706253052,419.0,48.7,291.0
48.714476108551025,426.0,48.8,292.0
48.814399003982544,420.0,48.9,293.0
48.914419174194336,420.0,49.0,294.0
49.014451026916504,422.0,49.1,295.0
49.115397930145264,415.0,49.2,296.0
49.21437215805054,348.0,49.3,297.0
49.314414978027344,294.0,49.4,298.0
49.4153618812561,220.0,49.5,299.0
49.51437497138977,189.0,49.6,300.0
49.6144118309021,188.0,49.7,301.0
49.71526908874512,210.0,49.8,302.0
49.814367055892944,216.0,49.9,303.0
49.914430141448975,208.0,50.0,304.0
50.01538705825806,144.0,50.1,305.0
50.11441516876221,112.0,50.2,306.0
50.21442103385925,100.0,50.3,307.0
50.31539011001587,93.0,50.4,308.0
50.4143590927124,93.0,50.5,309.0
50.5144419670105,110.0,50.6,310.0
50.615468978881836,189.0,50.7,310.0
50.714141845703125,231.0,50.8,310.0
50.81446695327759,254.0,50.9,310.0
50.91534399986267,301.0,51.0,310.0
51.01433300971985,335.0,51.1,310.0
51.11441707611084,350.0,51.2,310.0
51.21547985076904,388.0,51.3,310.0
51.31435585021973,388.0,51.4,310.0
51.414620876312256,400.0,51.5,310.0
51.51559591293335,295.0,51.6,310.0
51.61438298225403,186.0,51.7,310.0
51.71440410614014,131.0,51.8,310.0
51.81582689285278,131.0,51.9,310.0
51.914337158203125,153.0,52.0,310.0
52.01441812515259,167.0,52.1,310.0
52.116304874420166,197.0,52.2,310.0
52.21432900428772,212.0,52.3,310.0
52.314444065093994,248.0,52.4,310.0
52.415656089782715,297.0,52.5,310.0
52.51439809799194,326.0,52.6,310.0
52.61454486846924,352.0,52.7,310.0
52.714499950408936,373.0,52.8,310.0
52.81452989578247,347.0,52.9,310.0
52.914565086364746,218.0,53.0,310.0
53.01550102233887,167.0,53.1,310.0
53.114673137664795,161.0,53.2,310.0
53.214455127716064,161.0,53.3,310.0
53.31552696228027,167.0,53.4,310.0
53.41442799568176,161.0,53.5,310.0
53.514431953430176,159.0,53.6,310.0
53.615736961364746,178.0,53.7,311.0
53.7143349647522,205.0,53.8,312.0
53.814347982406616,205.0,53.9,313.0
53.9155809879303,193.0,54.0,314.0
54.014256954193115,184.0,54.1,315.0
54.11431694030762,174.0,54.2,316.0
54.21554899215698,161.0,54.3,317.0
54.31425905227661,152.0,54.4,318.0
54.41450786590576,140.0,54.5,319.0
54.51550102233887,140.0,54.6,320.0
54.61426305770874,161.0,54.7,321.0
54.71429395675659,199.0,54.8,322.0
54.815311908721924,220.0,54.9,323.0
54.9142370223999,235.0,55.0,324.0
55.014244079589844,242.0,55.1,325.0
55.11423110961914,250.0,55.2,326.0
55.21420192718506,244.0,55.3,327.0
55.31427812576294,216.0,55.4,328.0
55.415377140045166,182.0,55.5,329.0
55.514260053634644,169.0,55.6,330.0
55.614306926727295,157.0,55.7,331.0
55.71541213989258,140.0,55.8,332.0
55.81426382064819,140.0,55.9,333.0
55.91426086425781,165.0,56.0,334.0
56.01540994644165,199.0,56.1,335.0
56.114336013793945,220.0,56.2,336.0
56.21425795555115,241.0,56.3,337.0
56.31421494483948,254.0,56.4,338.0
56.41418504714966,254.0,56.5,339.0
56.5142560005188,254.0,56.6,340.0
56.61555290222168,227.0,56.7,340.0
56.714229106903076,184.0,56.8,340.0
56.81425094604492,146.0,56.9,340.0
56.914175033569336,136.0,57.0,340.0
57.014219999313354,140.0,57.1,340.0
57.11438298225403,146.0,57.2,340.0
57.21419095993042,157.0,57.3,340.0
57.32193994522095,165.0,57.4,340.0
57.41424202919006,170.0,57.5,340.0
57.51416802406311,170.0,57.6,340.0
57.6141791343689,193.0,57.7,340.0
57.714271068573,214.0,57.8,340.0
57.81547784805298,214.0,57.9,340.0
57.91416883468628,216.0,58.0,340.0
58.01423096656799,229.0,58.1,340.0
58.11417603492737,233.0,58.2,340.0
58.2142059803009,237.0,58.3,340.0
58.31419086456299,241.0,58.4,340.0
58.41413497924805,241.0,58.5,340.0
58.51416206359863,239.0,58.6,340.0
58.61419916152954,235.0,58.7,340.0
58.7142219543457,229.0,58.8,340.0
58.81415295600891,231.0,58.9,340.0
58.9141731262207,229.0,59.0,340.0
59.0152850151062,220.0,59.1,340.0
59.114156007766724,210.0,59.2,340.0
59.2141900062561,193.0,59.3,340.0
59.31547999382019,178.0,59.4,340.0
59.41415214538574,169.0,59.5,340.0
59.51418113708496,157.0,59.6,340.0
59.61409282684326,153.0,59.7,341.0
59.71416616439819,148.0,59.8,342.0
59.81418704986572,146.0,59.9,343.0
59.91406583786011,148.0,60.0,344.0
60.014188051223755,157.0,60.1,345.0
60.114163875579834,186.0,60.2,346.0
60.215312004089355,199.0,60.3,347.0
60.31413507461548,205.0,60.4,348.0
60.41417407989502,233.0,60.5,349.0
60.514058113098145,242.0,60.6,350.0
60.614283084869385,242.0,60.7,351.0
60.71415901184082,246.0,60.8,352.0
60.81520104408264,248.0,60.9,353.0
60.914093017578125,250.0,61.0,354.0
61.01412582397461,248.0,61.1,355.0
61.11403799057007,248.0,61.2,356.0
61.21410894393921,248.0,61.3,357.0
61.31412601470947,248.0,61.4,358.0
61.41529417037964,241.0,61.5,359.0
61.51409101486206,227.0,61.6,360.0
61.614137172698975,206.0,61.7,361.0
61.715352058410645,199.0,61.8,362.0
61.81408500671387,199.0,61.9,363.0
61.914491176605225,216.0,62.0,364.0
62.015520095825195,252.0,62.1,365.0
62.114065170288086,261.0,62.2,366.0
62.21410608291626,278.0,62.3,367.0
62.31530809402466,307.0,62.4,368.0
62.41405200958252,328.0,62.5,369.0
62.51410388946533,328.0,62.6,370.0
62.61399698257446,328.0,62.7,370.0
62.71404790878296,326.0,62.8,370.0
62.8141188621521,307.0,62.9,370.0
62.91525983810425,259.0,63.0,370.0
63.01409292221069,223.0,63.1,370.0
63.11408185958862,191.0,63.2,370.0
63.215582847595215,176.0,63.3,370.0
63.31407308578491,170.0,63.4,370.0
63.414055824279785,161.0,63.5,370.0
63.51398706436157,159.0,63.6,370.0
63.61407804489136,161.0,63.7,370.0
63.7141330242157,161.0,63.8,370.0
63.81520986557007,163.0,63.9,370.0
63.914042949676514,165.0,64.0,370.0
64.01408195495605,167.0,64.1,370.0
64.11519193649292,229.0,64.2,370.0
64.21399688720703,241.0,64.3,370.0
64.3140709400177,273.0,64.4,370.0
64.41395616531372,305.0,64.5,370.0
64.51401901245117,312.0,64.6,370.0
64.61406517028809,330.0,64.7,370.0
64.71403217315674,335.0,64.8,370.0
64.8140001296997,354.0,64.9,370.0
64.91403698921204,360.0,65.0,370.0
65.01527094841003,373.0,65.1,370.0
65.1139919757843,383.0,65.2,370.0
65.21407103538513,384.0,65.3,370.0
65.3139328956604,386.0,65.4,370.0
65.41407108306885,383.0,65.5,370.0
65.51337385177612,356.0,65.6,370.0
65.61549186706543,299.0,65.7,371.0
65.71397686004639,280.0,65.8,372.0
65.81405782699585,256.0,65.9,373.0
65.91391897201538,242.0,66.0,374.0
66.01396083831787,237.0,66.1,375.0
66.11404514312744,231.0,66.2,376.0
66.21391701698303,227.0,66.3,377.0
66.31397700309753,229.0,66.4,378.0
66.41403603553772,241.0,66.5,379.0
66.51525115966797,267.0,66.6,380.0
66.6139588356018,278.0,66.7,381.0
66.714026927948,294.0,66.8,382.0
66.81546115875244,316.0,66.9,383.0
66.91397190093994,320.0,67.0,384.0
67.01401901245117,335.0,67.1,385.0
67.11397314071655,333.0,67.2,386.0
67.2139630317688,312.0,67.3,387.0
67.31318402290344,278.0,67.4,388.0
67.4153060913086,267.0,67.5,389.0
67.51396298408508,263.0,67.6,390.0
67.61398696899414,250.0,67.7,391.0
67.71542406082153,241.0,67.8,392.0
67.81394505500793,246.0,67.9,393.0
67.91421103477478,312.0,68.0,394.0
68.01531100273132,367.0,68.1,395.0
68.11387395858765,369.0,68.2,396.0
68.21398591995239,373.0,68.3,397.0
68.31525182723999,383.0,68.4,398.0
68.41392707824707,386.0,68.5,399.0
68.51394701004028,386.0,68.6,400.0
68.61517715454102,388.0,68.7,400.0
68.7138979434967,386.0,68.8,400.0
68.81397485733032,369.0,68.9,400.0
68.91527891159058,345.0,69.0,400.0
69.01390790939331,335.0,69.1,400.0
69.11395788192749,335.0,69.2,400.0
69.21515798568726,343.0,69.3,400.0
69.31388092041016,366.0,69.4,400.0
69.41414499282837,398.0,69.5,400.0
69.5152280330658,403.0,69.6,400.0
69.61387491226196,409.0,69.7,400.0
69.71386909484863,422.0,69.8,400.0
69.81517696380615,419.0,69.9,400.0
69.91396594047546,407.0,70.0,400.0
70.01389598846436,403.0,70.1,400.0
70.11529588699341,373.0,70.2,400.0
70.21387004852295,356.0,70.3,400.0
70.31390905380249,333.0,70.4,400.0
70.41515111923218,341.0,70.5,400.0
70.51388883590698,341.0,70.6,400.0
70.61392211914062,343.0,70.7,400.0
70.71535205841064,352.0,70.8,400.0
70.81389498710632,352.0,70.9,400.0
70.91391801834106,352.0,71.0,400.0
71.01383113861084,354.0,71.1,400.0
71.11391592025757,345.0,71.2,400.0
71.2138819694519,343.0,71.3,400.0
71.31379413604736,339.0,71.4,400.0
71.41303491592407,339.0,71.5,400.0
71.51387310028076,339.0,71.6,399.0
71.61378908157349,335.0,71.7,398.0
71.71382808685303,335.0,71.8,397.0
71.8138689994812,335.0,71.9,396.0
71.91380214691162,333.0,72.0,395.0
72.01396989822388,331.0,72.1,394.0
72.11383295059204,331.0,72.2,393.0
72.21512699127197,333.0,72.3,392.0
72.31383395195007,341.0,72.4,391.0
72.41389203071594,350.0,72.5,390.0
72.51518392562866,367.0,72.6,389.0
72.61381816864014,362.0,72.7,388.0
72.71388602256775,360.0,72.8,387.0
72.81521606445312,341.0,72.9,386.0
72.91380596160889,320.0,73.0,385.0
73.0138840675354,305.0,73.1,384.0
73.11375999450684,307.0,73.2,383.0
73.21380186080933,311.0,73.3,382.0
73.31386613845825,318.0,73.4,381.0
73.41529893875122,324.0,73.5,380.0
73.51381301879883,326.0,73.6,379.0
73.61381816864014,324.0,73.7,378.0
73.71290683746338,318.0,73.8,377.0
73.81398701667786,295.0,73.9,376.0
73.9140100479126,292.0,74.0,375.0
74.0153739452362,299.0,74.1,374.0
74.11379384994507,320.0,74.2,373.0
74.21384811401367,343.0,74.3,372.0
74.32268905639648,350.0,74.4,371.0
74.41379594802856,358.0,74.5,370.0
74.51384997367859,343.0,74.6,370.0
74.61542510986328,295.0,74.7,370.0
74.7138090133667,269.0,74.8,370.0
74.81383609771729,273.0,74.9,370.0
74.9137110710144,278.0,75.0,370.0
75.01281213760376,311.0,75.1,370.0
75.11383605003357,328.0,75.2,370.0
75.21289491653442,352.0,75.3,370.0
75.31377792358398,360.0,75.4,370.0
75.41384196281433,347.0,75.5,370.0
75.51519584655762,280.0,75.6,370.0
75.61388397216797,263.0,75.7,370.0
75.71377897262573,267.0,75.8,370.0
75.81514501571655,297.0,75.9,370.0
75.91373491287231,324.0,76.0,370.0
76.01381015777588,347.0,76.1,370.0
76.11520910263062,350.0,76.2,370.0
76.2137451171875,350.0,76.3,370.0
76.313796043396,286.0,76.4,370.0
76.41522216796875,237.0,76.5,370.0
76.51374197006226,233.0,76.6,370.0
76.61378288269043,246.0,76.7,370.0
76.71516799926758,267.0,76.8,370.0
76.81371593475342,297.0,76.9,370.0
76.9139130115509,320.0,77.0,370.0
77.01375389099121,326.0,77.1,370.0
77.11385297775269,335.0,77.2,370.0
77.21380090713501,307.0,77.3,370.0
77.31512403488159,231.0,77.4,370.0
77.41372013092041,208.0,77.5,370.0
77.51386213302612,220.0,77.6,369.0
77.61369800567627,220.0,77.7,368.0
77.71382713317871,225.0,77.8,367.0
77.81355714797974,241.0,77.9,366.0
77.91518306732178,269.0,78.0,365.0
78.01371383666992,286.0,78.1,364.0
78.11374998092651,314.0,78.2,363.0
78.21379613876343,320.0,78.3,362.0
78.3137059211731,328.0,78.4,361.0
78.41374015808105,339.0,78.5,360.0
78.51512813568115,347.0,78.6,359.0
78.61370086669922,348.0,78.7,358.0
78.71371102333069,350.0,78.8,357.0
78.81371903419495,350.0,78.9,356.0
78.91370105743408,352.0,79.0,355.0
79.0137128829956,352.0,79.1,354.0
79.1152069568634,337.0,79.2,353.0
79.21364212036133,311.0,79.3,352.0
79.31370210647583,311.0,79.4,351.0
79.41374588012695,305.0,79.5,350.0
79.51375603675842,307.0,79.6,349.0
79.61372494697571,309.0,79.7,348.0
79.71380615234375,311.0,79.8,347.0
79.81387495994568,312.0,79.9,346.0
79.9136610031128,311.0,80.0,345.0
80.01373386383057,311.0,80.1,344.0
80.11293411254883,311.0,80.2,343.0
80.21367311477661,311.0,80.3,342.0
80.31511116027832,314.0,80.4,341.0
80.41365194320679,312.0,80.5,340.0
80.51380395889282,314.0,80.6,340.0
80.61369705200195,314.0,80.7,340.0
80.71364784240723,314.0,80.8,340.0
80.81364893913269,316.0,80.9,340.0
80.91524982452393,337.0,81.0,340.0
81.01361894607544,362.0,81.1,340.0
81.11375284194946,367.0,81.2,340.0
81.21514701843262,373.0,81.3,340.0
81.31364297866821,386.0,81.4,340.0
81.41364598274231,384.0,81.5,340.0
81.51517295837402,375.0,81.6,340.0
81.61370086669922,339.0,81.7,340.0
81.71382594108582,311.0,81.8,340.0
81.81530094146729,301.0,81.9,340.0
81.91362404823303,301.0,82.0,340.0
82.01362609863281,301.0,82.1,340.0
82.11374998092651,303.0,82.2,340.0
82.21358585357666,303.0,82.3,340.0
82.31365203857422,307.0,82.4,340.0
82.41510200500488,303.0,82.5,340.0
82.51360201835632,284.0,82.6,340.0
82.61363410949707,280.0,82.7,340.0
82.71515417098999,271.0,82.8,340.0
82.81359815597534,297.0,82.9,340.0
82.9136381149292,320.0,83.0,340.0
83.01298594474792,352.0,83.1,340.0
83.11382603645325,358.0,83.2,340.0
83.21371102333069,371.0,83.3,340.0
83.31358695030212,398.0,83.4,340.0
83.413645029068,396.0,83.5,340.0
83.51362085342407,324.0,83.6,339.0
83.61355495452881,275.0,83.7,338.0
83.7130880355835,265.0,83.8,337.0
83.8136191368103,259.0,83.9,336.0
83.91358613967896,261.0,84.0,335.0
84.01360082626343,271.0,84.1,334.0
84.11360597610474,284.0,84.2,333.0
84.21320796012878,284.0,84.3,332.0
84.3135929107666,223.0,84.4,331.0
84.4136860370636,178.0,84.5,330.0
84.51513290405273,182.0,84.6,329.0
84.61360502243042,186.0,84.7,328.0
84.71358299255371,195.0,84.8,327.0
84.81368207931519,203.0,84.9,326.0
84.91361093521118,201.0,85.0,325.0
85.01355791091919,178.0,85.1,324.0
85.11514091491699,148.0,85.2,323.0
85.21357107162476,129.0,85.3,322.0
85.31358695030212,125.0,85.4,321.0
85.41358184814453,136.0,85.5,320.0
85.51364398002625,235.0,85.6,319.0
85.61356401443481,286.0,85.7,318.0
85.71357488632202,318.0,85.8,317.0
85.8135781288147,360.0,85.9,316.0
85.9135730266571,373.0,86.0,315.0
86.01362299919128,384.0,86.1,314.0
86.11352801322937,403.0,86.2,313.0
86.21354103088379,379.0,86.3,312.0
86.31350803375244,256.0,86.4,311.0
86.41358613967896,205.0,86.5,310.0
86.51352882385254,206.0,86.6,310.0
86.61357116699219,208.0,86.7,310.0
86.71347188949585,205.0,86.8,310.0
86.81354713439941,203.0,86.9,310.0
86.91347694396973,205.0,87.0,310.0
87.01354002952576,246.0,87.1,310.0
87.11355590820312,277.0,87.2,310.0
87.21350717544556,295.0,87.3,310.0
87.31352090835571,328.0,87.4,310.0
87.41369700431824,343.0,87.5,310.0
87.51349401473999,362.0,87.6,310.0
87.61350703239441,383.0,87.7,310.0
87.71360492706299,388.0,87.8,310.0
87.81332111358643,396.0,87.9,310.0
87.91355609893799,314.0,88.0,310.0
88.01364183425903,261.0,88.1,310.0
88.11363792419434,233.0,88.2,310.0
88.21347093582153,208.0,88.3,310.0
88.3134880065918,203.0,88.4,310.0
88.41352796554565,210.0,88.5,310.0
88.51347994804382,256.0,88.6,310.0
88.61344289779663,284.0,88.7,310.0
88.71349382400513,311.0,88.8,310.0
88.81348085403442,339.0,88.9,310.0
88.9135251045227,364.0,89.0,310.0
89.01343393325806,386.0,89.1,310.0
89.11347603797913,371.0,89.2,310.0
89.21352100372314,282.0,89.3,310.0
89.31369495391846,216.0,89.4,310.0
89.41344094276428,195.0,89.5,310.0
89.51344108581543,191.0,89.6,309.0
89.61343812942505,216.0,89.7,308.0
89.71354913711548,259.0,89.8,307.0
89.8134651184082,326.0,89.9,306.0
89.9134111404419,347.0,90.0,305.0
90.01351690292358,402.0,90.1,304.0
90.11345911026001,403.0,90.2,303.0
90.21346402168274,333.0,90.3,302.0
90.31346416473389,246.0,90.4,301.0
90.41347408294678,242.0,90.5,300.0
90.51347804069519,237.0,90.6,299.0
90.61364197731018,237.0,90.7,298.0
90.7134518623352,258.0,90.8,297.0
90.81340003013611,254.0,90.9,296.0
90.91343688964844,222.0,91.0,295.0
91.01347017288208,218.0,91.1,294.0
91.11339712142944,223.0,91.2,293.0
91.21350193023682,261.0,91.3,292.0
91.31345796585083,294.0,91.4,291.0
91.41338300704956,324.0,91.5,290.0
91.51349902153015,356.0,91.6,289.0
91.61343097686768,398.0,91.7,288.0
91.71353197097778,403.0,91.8,287.0
91.8134651184082,400.0,91.9,286.0
91.91350412368774,348.0,92.0,285.0
92.0134060382843,307.0,92.1,284.0
92.11340498924255,271.0,92.2,283.0
92.21340894699097,259.0,92.3,282.0
92.31298685073853,261.0,92.4,281.0
92.41355085372925,307.0,92.5,280.0
92.51345109939575,328.0,92.6,280.0
92.61341190338135,348.0,92.7,280.0
92.71340703964233,371.0,92.8,280.0
92.81345701217651,379.0,92.9,280.0
92.91337704658508,388.0,93.0,280.0
93.01347208023071,314.0,93.1,280.0
93.11360502243042,254.0,93.2,280.0
93.21403217315674,212.0,93.3,280.0
93.31343793869019,222.0,93.4,280.0
93.4136209487915,252.0,93.5,280.0
93.5135989189148,295.0,93.6,280.0
93.61358094215393,358.0,93.7,280.0
93.71355390548706,390.0,93.8,280.0
93.8134708404541,432.0,93.9,280.0
93.91351699829102,453.0,94.0,280.0
94.01361608505249,424.0,94.1,280.0
94.11341500282288,312.0,94.2,280.0
94.21343183517456,239.0,94.3,280.0
94.3134388923645,233.0,94.4,280.0
94.41335797309875,229.0,94.5,280.0
94.51336812973022,206.0,94.6,280.0
94.61343502998352,193.0,94.7,280.0
94.71332883834839,188.0,94.8,280.0
94.81337904930115,199.0,94.9,280.0
94.91332006454468,239.0,95.0,280.0
95.01332092285156,280.0,95.1,280.0
95.1133439540863,341.0,95.2,280.0
95.21332883834839,386.0,95.3,280.0
95.31330013275146,415.0,95.4,280.0
95.41326904296875,443.0,95.5,280.0
95.5133228302002,428.0,95.6,279.0
95.61329317092896,373.0,95.7,278.0
95.71340298652649,263.0,95.8,277.0
95.81331896781921,246.0,95.9,276.0
95.91332292556763,225.0,96.0,275.0
96.0133728981018,184.0,96.1,274.0
96.11335396766663,155.0,96.2,273.0
96.21243810653687,136.0,96.3,272.0
96.31341099739075,127.0,96.4,271.0
96.41334104537964,144.0,96.5,270.0
96.51326608657837,201.0,96.6,269.0
96.61328601837158,261.0,96.7,268.0
96.71345400810242,316.0,96.8,267.0
96.81356000900269,333.0,96.9,266.0
96.91331815719604,383.0,97.0,265.0
97.0133318901062,386.0,97.1,264.0
97.11334085464478,417.0,97.2,263.0
97.2133321762085,443.0,97.3,262.0
97.31332206726074,449.0,97.4,261.0
97.41326594352722,360.0,97.5,260.0
97.5133228302002,206.0,97.6,259.0
97.61327004432678,150.0,97.7,258.0
97.71337604522705,152.0,97.8,257.0
97.81325817108154,231.0,97.9,256.0
97.9132571220398,295.0,98.0,255.0
98.01330900192261,326.0,98.1,254.0
98.11341190338135,409.0,98.2,253.0
98.2132740020752,447.0,98.3,252.0
98.31322813034058,487.0,98.4,251.0
98.41331005096436,519.0,98.5,250.0
98.5132908821106,475.0,98.6,250.0
98.61327314376831,299.0,98.7,250.0
98.71329402923584,201.0,98.8,250.0
98.81328582763672,189.0,98.9,250.0
98.9132308959961,233.0,99.0,250.0
99.0132908821106,305.0,99.1,250.0
99.11328983306885,354.0,99.2,250.0
99.21320915222168,403.0,99.3,250.0
99.31328105926514,455.0,99.4,250.0
99.41332602500916,472.0,99.5,250.0
99.51328897476196,500.0,99.6,250.0
99.61325001716614,509.0,99.7,250.0
99.71326804161072,523.0,99.8,250.0
99.81325483322144,527.0,99.9,250.0
99.91329717636108,508.0,100.0,250.0
100.01335191726685,373.0,100.1,250.0
100.11336183547974,305.0,100.2,250.0
100.21322798728943,246.0,100.3,250.0
100.31329798698425,210.0,100.4,250.0
100.41325807571411,201.0,100.5,250.0
100.51328182220459,229.0,100.6,250.0
100.61324691772461,252.0,100.7,250.0
100.71335983276367,275.0,100.8,250.0
100.81328392028809,328.0,100.9,250.0
100.91324710845947,352.0,101.0,250.0
101.01322197914124,403.0,101.1,250.0
101.11327195167542,449.0,101.2,250.0
101.21323108673096,500.0,101.3,250.0
101.31323099136353,515.0,101.4,250.0
101.41317987442017,523.0,101.5,250.0
101.51323199272156,532.0,101.6,249.0
101.61315894126892,530.0,101.7,248.0
101.71324396133423,502.0,101.8,247.0
101.81326007843018,436.0,101.9,246.0
101.91321516036987,420.0,102.0,245.0
102.0132269859314,402.0,102.1,244.0
102.11238193511963,358.0,102.2,243.0
102.2131929397583,278.0,102.3,242.0
102.31319499015808,170.0,102.4,241.0
102.41320085525513,142.0,102.5,240.0
102.51321697235107,104.0,102.6,239.0
102.61313796043396,78.0,102.7,238.0
102.71320796012878,63.0,102.8,237.0
102.81318616867065,85.0,102.9,236.0
102.91319298744202,95.0,103.0,235.0
103.01273488998413,114.0,103.1,234.0
103.11318683624268,121.0,103.2,233.0
103.21319103240967,180.0,103.3,232.0
103.31321287155151,182.0,103.4,231.0
103.41317892074585,197.0,103.5,230.0
103.51318216323853,229.0,103.6,229.0
103.61322903633118,235.0,103.7,228.0
103.71340203285217,237.0,103.8,227.0
103.81317496299744,250.0,103.9,226.0
103.9131920337677,261.0,104.0,225.0
104.01316499710083,299.0,104.1,224.0
104.11314702033997,295.0,104.2,223.0
104.21328115463257,294.0,104.3,222.0
104.31319499015808,284.0,104.4,221.0
104.41316986083984,258.0,104.5,220.0
104.51328706741333,254.0,104.6,220.0
104.61331605911255,256.0,104.7,220.0
104.71332502365112,256.0,104.8,220.0
104.81328296661377,256.0,104.9,220.0
104.91311311721802,256.0,105.0,220.0
105.01328182220459,256.0,105.1,220.0
105.11312007904053,256.0,105.2,220.0
105.21312808990479,241.0,105.3,220.0
105.313148021698,214.0,105.4,220.0
105.4131178855896,218.0,105.5,220.0
105.51317095756531,218.0,105.6,220.0
105.6133120059967,220.0,105.7,220.0
105.71310997009277,222.0,105.8,220.0
105.81311511993408,223.0,105.9,220.0
105.91315197944641,208.0,106.0,220.0
106.01334500312805,197.0,106.1,220.0
106.1132140159607,201.0,106.2,220.0
106.21335887908936,197.0,106.3,220.0
106.31326198577881,193.0,106.4,220.0
106.41325807571411,191.0,106.5,220.0
106.51310586929321,180.0,106.6,220.0
106.61312198638916,150.0,106.7,220.0
106.7131359577179,136.0,106.8,220.0
106.81325697898865,133.0,106.9,220.0
106.91317200660706,127.0,107.0,220.0
107.01328611373901,121.0,107.1,220.0
107.11327886581421,112.0,107.2,220.0
107.2132830619812,114.0,107.3,220.0
107.31309700012207,112.0,107.4,220.0
107.41321897506714,112.0,107.5,220.0
107.51325297355652,117.0,107.6,219.0
107.6132550239563,133.0,107.7,218.0
107.71307802200317,191.0,107.8,217.0
107.8132381439209,227.0,107.9,216.0
107.91323494911194,235.0,108.0,215.0
108.01331186294556,248.0,108.1,214.0
108.11328887939453,256.0,108.2,213.0
108.2132568359375,267.0,108.3,212.0
108.31303882598877,280.0,108.4,211.0
108.41303396224976,286.0,108.5,210.0
108.51303696632385,295.0,108.6,209.0
108.61327791213989,311.0,108.7,208.0
108.71322202682495,318.0,108.8,207.0
108.81319189071655,333.0,108.9,206.0
108.91318416595459,331.0,109.0,205.0
109.01321411132812,337.0,109.1,204.0
109.11328792572021,337.0,109.2,203.0
109.21303606033325,294.0,109.3,202.0
109.31304097175598,248.0,109.4,201.0
109.41306209564209,233.0,109.5,200.0
109.51298999786377,220.0,109.6,199.0
109.61315488815308,212.0,109.7,198.0
109.71322011947632,199.0,109.8,197.0
109.81302785873413,170.0,109.9,196.0
109.9130711555481,167.0,110.0,195.0
110.01309394836426,174.0,110.1,194.0
110.11297702789307,172.0,110.2,193.0
110.21331691741943,172.0,110.3,192.0
110.31320285797119,165.0,110.4,191.0
110.41317892074585,155.0,110.5,190.0
110.51330804824829,150.0,110.6,190.0
110.61324405670166,148.0,110.7,190.0
110.71312999725342,146.0,110.8,190.0
110.81316184997559,138.0,110.9,190.0
110.91321086883545,136.0,111.0,190.0
111.01299285888672,133.0,111.1,190.0
111.11322212219238,138.0,111.2,190.0
111.213210105896,165.0,111.3,190.0
111.31299304962158,152.0,111.4,190.0
111.41299390792847,134.0,111.5,190.0
111.51320004463196,133.0,111.6,190.0
111.61322498321533,136.0,111.7,190.0
111.71322798728943,136.0,111.8,190.0
111.81353807449341,134.0,111.9,190.0
111.91318893432617,150.0,112.0,190.0
112.01322197914124,170.0,112.1,190.0
112.11333203315735,184.0,112.2,190.0
112.21295690536499,208.0,112.3,190.0
112.31316804885864,206.0,112.4,190.0
112.41301107406616,197.0,112.5,190.0
112.5131459236145,180.0,112.6,190.0
112.6131329536438,163.0,112.7,190.0
112.7131781578064,142.0,112.8,190.0
112.81313610076904,133.0,112.9,190.0
112.9131109714508,129.0,113.0,190.0
113.01317310333252,127.0,113.1,190.0
113.11331510543823,134.0,113.2,190.0
113.21313405036926,165.0,113.3,190.0
113.31314086914062,184.0,113.4,190.0
113.41312789916992,201.0,113.5,190.0
113.51315689086914,212.0,113.6,189.0
113.61313486099243,214.0,113.7,188.0
113.71335315704346,214.0,113.8,187.0
113.81336688995361,218.0,113.9,186.0
113.91339206695557,216.0,114.0,185.0
114.01310110092163,186.0,114.1,184.0
114.11310482025146,172.0,114.2,183.0
114.21312713623047,172.0,114.3,182.0
114.31309199333191,165.0,114.4,181.0
114.41358613967896,157.0,114.5,180.0
114.51312303543091,142.0,114.6,179.0
114.61309814453125,136.0,114.7,178.0
114.71333694458008,136.0,114.8,177.0
114.81339883804321,136.0,114.9,176.0
114.91307306289673,174.0,115.0,175.0
115.01307106018066,205.0,115.1,174.0
115.11313796043396,239.0,115.2,173.0
115.21240711212158,256.0,115.3,172.0
115.31306886672974,271.0,115.4,171.0
115.41308903694153,297.0,115.5,170.0
115.51305389404297,328.0,115.6,169.0
115.61311483383179,345.0,115.7,168.0
115.71313190460205,352.0,115.8,167.0
115.81307697296143,316.0,115.9,166.0
115.91307497024536,259.0,116.0,165.0
116.0131311416626,220.0,116.1,164.0
116.1130919456482,186.0,116.2,163.0
116.21305298805237,165.0,116.3,162.0
116.31305503845215,159.0,116.4,161.0
116.41306209564209,155.0,116.5,160.0
116.51357698440552,155.0,116.6,160.0
116.613440990448,163.0,116.7,160.0
116.71315097808838,184.0,116.8,160.0
116.81305885314941,225.0,116.9,160.0
116.91320896148682,254.0,117.0,160.0
117.01303911209106,273.0,117.1,160.0
117.11320400238037,288.0,117.2,160.0
117.21306991577148,301.0,117.3,160.0
117.31302094459534,322.0,117.4,160.0
117.41310596466064,314.0,117.5,160.0
117.5130500793457,256.0,117.6,160.0
117.6128568649292,170.0,117.7,160.0
117.71319103240967,155.0,117.8,160.0
117.81306314468384,150.0,117.9,160.0
117.91305685043335,189.0,118.0,160.0
118.01273894309998,206.0,118.1,160.0
118.11287212371826,227.0,118.2,160.0
118.21288204193115,165.0,118.3,160.0
118.31287002563477,155.0,118.4,160.0
118.41304206848145,134.0,118.5,160.0
118.51295399665833,129.0,118.6,160.0
118.61326313018799,150.0,118.7,160.0
118.71334195137024,206.0,118.8,160.0
118.81326293945312,269.0,118.9,160.0
118.91322612762451,305.0,119.0,160.0
119.01341485977173,314.0,119.1,160.0
119.11345386505127,320.0,119.2,160.0
119.21326112747192,271.0,119.3,160.0
119.31372690200806,189.0,119.4,160.0
119.41302704811096,123.0,119.5,160.0
119.51296305656433,104.0,119.6,159.0
119.61298894882202,100.0,119.7,158.0
119.71300101280212,102.0,119.8,157.0
119.81296110153198,148.0,119.9,156.0
119.91330194473267,201.0,120.0,155.0
120.01297998428345,258.0,120.1,154.0
120.11298894882202,271.0,120.2,153.0
120.21255803108215,303.0,120.3,152.0
120.31296896934509,218.0,120.4,151.0
120.41316103935242,140.0,120.5,150.0
120.5131049156189,116.0,120.6,149.0
120.61352300643921,104.0,120.7,148.0
120.71251702308655,104.0,120.8,147.0
120.81333303451538,116.0,120.9,146.0
120.91321992874146,125.0,121.0,145.0
121.01325511932373,167.0,121.1,144.0
121.11297082901001,229.0,121.2,143.0
121.21258497238159,292.0,121.3,142.0
121.31321287155151,330.0,121.4,141.0
121.41297483444214,331.0,121.5,140.0
121.51292300224304,356.0,121.6,139.0
121.61292600631714,348.0,121.7,138.0
121.71204996109009,318.0,121.8,137.0
121.81321382522583,189.0,121.9,136.0
121.91318893432617,136.0,122.0,135.0
122.01294088363647,119.0,122.1,134.0
122.11289310455322,106.0,122.2,133.0
122.21211194992065,102.0,122.3,132.0
122.3133339881897,110.0,122.4,131.0
122.41319513320923,119.0,122.5,130.0
122.51313495635986,138.0,122.6,130.0
122.61324310302734,133.0,122.7,130.0
122.71322298049927,222.0,122.8,130.0
122.81314706802368,241.0,122.9,130.0
122.91353702545166,282.0,123.0,130.0
123.01238894462585,316.0,123.1,130.0
123.11287117004395,366.0,123.2,130.0
123.21292114257812,386.0,123.3,130.0
123.31288194656372,373.0,123.4,130.0
123.41286516189575,290.0,123.5,130.0
123.51292705535889,250.0,123.6,130.0
123.6134238243103,201.0,123.7,130.0
123.71360111236572,170.0,123.8,130.0
123.81364893913269,150.0,123.9,130.0
123.91318416595459,129.0,124.0,130.0
124.01311802864075,114.0,124.1,130.0
124.11321687698364,112.0,124.2,130.0
124.21333599090576,112.0,124.3,130.0
124.31315898895264,114.0,124.4,130.0
124.41320204734802,136.0,124.5,130.0
124.51268601417542,193.0,124.6,130.0
124.61286497116089,225.0,124.7,130.0
124.71288108825684,233.0,124.8,130.0
124.81310701370239,254.0,124.9,130.0
124.91279196739197,278.0,125.0,130.0
125.01296091079712,312.0,125.1,130.0
125.11310601234436,337.0,125.2,130.0
125.2131040096283,288.0,125.3,130.0
125.31316614151001,176.0,125.4,130.0
125.4131178855896,123.0,125.5,130.0
125.51335382461548,104.0,125.6,129.0
125.61287999153137,102.0,125.7,128.0
125.71315288543701,205.0,125.8,127.0
125.81318807601929,248.0,125.9,126.0
125.91315793991089,271.0,126.0,125.0
126.01311016082764,312.0,126.1,124.0
126.11315584182739,339.0,126.2,123.0
126.21332311630249,358.0,126.3,122.0
126.31333494186401,348.0,126.4,121.0
126.41344785690308,333.0,126.5,120.0
126.51327800750732,222.0,126.6,119.0
126.61385703086853,125.0,126.7,118.0
126.71359586715698,104.0,126.8,117.0
126.81476902961731,93.0,126.9,116.0
126.91377401351929,121.0,127.0,115.0
127.01383209228516,191.0,127.1,114.0
127.11397194862366,229.0,127.2,113.0
127.21307182312012,267.0,127.3,112.0
127.31404304504395,267.0,127.4,111.0
127.41431999206543,178.0,127.5,110.0
127.5142068862915,114.0,127.6,109.0
127.6142520904541,102.0,127.7,108.0
127.71440005302429,189.0,127.8,107.0
127.81438994407654,235.0,127.9,106.0
127.91445398330688,282.0,128.0,105.0
128.01517915725708,294.0,128.1,104.0
128.11596488952637,309.0,128.2,103.0
128.2150650024414,369.0,128.3,102.0
128.31524395942688,348.0,128.4,101.0
128.41482305526733,208.0,128.5,100.0
128.5152850151062,110.0,128.6,100.0
128.6149001121521,87.0,128.7,100.0
128.7153549194336,78.0,128.8,100.0
128.81550312042236,80.0,128.9,100.0
128.9159278869629,87.0,129.0,100.0
129.0158760547638,95.0,129.1,100.0
129.11592483520508,116.0,129.2,100.0
129.21544694900513,169.0,129.3,100.0
129.31577682495117,231.0,129.4,100.0
129.41611003875732,250.0,129.5,100.0
129.51557302474976,284.0,129.6,100.0
129.61551594734192,314.0,129.7,100.0
129.71600914001465,337.0,129.8,100.0
129.81614303588867,352.0,129.9,100.0
129.91503286361694,358.0,130.0,100.0
130.0161590576172,356.0,131.0,100.0
130.11642599105835,356.0,,
130.21628284454346,345.0,,
130.31640100479126,314.0,,
130.41682505607605,284.0,,
130.51672506332397,288.0,,
130.61653089523315,290.0,,
130.7169749736786,286.0,,
130.8157148361206,280.0,,
130.9167251586914,265.0,,
131.01694917678833,242.0,,
