time[s],value[g],targetTime[g],target[g]
2.5987625122070312e-05,-6.0,0.0,100.0
0.08294105529785156,-6.0,0.1,100.0
0.16301798820495605,-6.0,0.2,100.0
0.2425060272216797,-6.0,0.3,100.0
0.32404398918151855,-2.0,0.4,100.0
0.41835713386535645,-4.0,0.5,100.0
0.518326997756958,-4.0,0.6,100.0
0.6188619136810303,9.0,0.7,100.0
0.7182590961456299,28.0,0.8,100.0
0.818317174911499,45.0,0.9,100.0
0.9189159870147705,38.0,1.0,100.0
1.0182569026947021,38.0,1.1,100.0
1.1182830333709717,38.0,1.2,100.0
1.2188479900360107,41.0,1.3,100.0
1.3181850910186768,57.0,1.4,100.0
1.4184880256652832,66.0,1.5,100.0
1.5188419818878174,64.0,1.6,100.0
1.618278980255127,85.0,1.7,100.0
1.7183291912078857,79.0,1.8,100.0
1.8182029724121094,87.0,1.9,100.0
1.9181811809539795,104.0,2.0,100.0
2.018285036087036,89.0,2.1,100.0
2.118878126144409,89.0,2.2,100.0
2.2181830406188965,45.0,2.3,100.0
2.318228006362915,51.0,2.4,100.0
2.4190750122070312,36.0,2.5,100.0
2.518174886703491,4.0,2.6,100.0
2.618232011795044,57.0,2.7,100.0
2.719197988510132,41.0,2.8,100.0
2.818222999572754,45.0,2.9,100.0
2.918226957321167,72.0,3.0,100.0
3.0190021991729736,72.0,3.1,100.0
3.1181728839874268,74.0,3.2,100.0
3.218208074569702,79.0,3.3,100.0
3.318942070007324,87.0,3.4,100.0
3.4182140827178955,112.0,3.5,100.0
3.518204927444458,106.0,3.6,100.0
3.618983030319214,57.0,3.7,100.0
3.7181670665740967,43.0,3.8,100.0
3.8182029724121094,38.0,3.9,100.0
3.9181668758392334,36.0,4.0,100.0
4.0181639194488525,30.0,4.1,100.0
4.118206024169922,28.0,4.2,100.0
4.218958139419556,43.0,4.3,100.0
4.3181421756744385,77.0,4.4,100.0
4.418192148208618,87.0,4.5,100.0
4.519005060195923,115.0,4.6,100.0
4.6181480884552,87.0,4.7,100.0
4.718180894851685,60.0,4.8,100.0
4.818160057067871,38.0,4.9,100.0
4.918159008026123,34.0,5.0,100.0
5.018187046051025,21.0,5.1,100.0
5.1181628704071045,-2.0,5.2,100.0
5.218123197555542,4.0,5.3,100.0
5.318222999572754,24.0,5.4,100.0
5.4189841747283936,74.0,5.5,100.0
5.518162965774536,62.0,5.6,100.0
5.61823296546936,43.0,5.7,100.0
5.718022108078003,38.0,5.8,100.0
5.817143201828003,59.0,5.9,100.0
5.918146848678589,74.0,6.0,100.0
6.018924951553345,81.0,6.1,100.0
6.118185043334961,77.0,6.2,100.0
6.217882871627808,77.0,6.3,100.0
6.319298982620239,77.0,6.4,100.0
6.418200969696045,74.0,6.5,100.0
6.518204927444458,60.0,6.6,100.0
6.618913888931274,267.0,6.7,100.0
6.7177040576934814,132.0,6.8,100.0
6.817275047302246,77.0,6.9,100.0
6.919027090072632,47.0,7.0,100.0
7.0181639194488525,21.0,7.1,100.0
7.118191957473755,2.0,7.2,100.0
7.217485189437866,-8.0,7.3,100.0
7.3181469440460205,-8.0,7.4,100.0
7.418200969696045,-8.0,7.5,100.0
7.518205881118774,-8.0,7.6,100.0
7.6182849407196045,-8.0,7.7,100.0
7.71816611289978,-8.0,7.8,100.0
7.818856954574585,7.0,7.9,100.0
7.918151140213013,4.0,8.0,100.0
8.01819109916687,11.0,8.1,100.0
8.11901307106018,34.0,8.2,100.0
8.218154191970825,43.0,8.3,100.0
8.318187952041626,53.0,8.4,100.0
8.419048070907593,81.0,8.5,100.0
8.518139123916626,45.0,8.6,100.0
8.6181480884552,57.0,8.7,100.0
8.719007968902588,41.0,8.8,100.0
8.818126916885376,17.0,8.9,100.0
8.91834306716919,13.0,9.0,100.0
9.018164873123169,11.0,9.1,100.0
9.118128061294556,41.0,9.2,100.0
9.218188047409058,66.0,9.3,100.0
9.319033861160278,89.0,9.4,100.0
9.418302059173584,100.0,9.5,100.0
9.518183946609497,83.0,9.6,100.0
9.618144035339355,83.0,9.7,100.0
9.718126058578491,79.0,9.8,100.0
9.818197011947632,62.0,9.9,100.0
9.918142080307007,55.0,10.0,100.0
10.018131017684937,36.0,10.1,100.0
10.117862939834595,17.0,10.2,100.0
10.219717025756836,89.0,10.3,100.0
10.318160057067871,115.0,10.4,100.0
10.418223142623901,96.0,10.5,100.0
10.51813006401062,119.0,10.6,100.0
10.618124008178711,96.0,10.7,100.0
10.718169927597046,68.0,10.8,100.0
10.818140029907227,45.0,10.9,100.0
10.918145895004272,45.0,11.0,100.0
11.018158197402954,49.0,11.1,100.0
11.11909794807434,41.0,11.2,100.0
11.218147039413452,70.0,11.3,100.0
11.318164110183716,66.0,11.4,100.0
11.419170141220093,102.0,11.5,100.0
11.518125057220459,85.0,11.6,100.0
11.618191003799438,68.0,11.7,101.0
11.719060182571411,89.0,11.8,102.0
11.818125009536743,83.0,11.9,103.0
11.91818118095398,49.0,12.0,104.0
12.019130945205688,13.0,12.1,105.0
12.118137121200562,-6.0,12.2,106.0
12.218196153640747,15.0,12.3,107.0
12.319102048873901,64.0,12.4,108.0
12.418197870254517,81.0,12.5,109.0
12.517853021621704,100.0,12.6,110.0
12.61913514137268,117.0,12.7,111.0
12.718132019042969,102.0,12.8,112.0
12.818228960037231,62.0,12.9,113.0
12.91898512840271,23.0,13.0,114.0
13.017516851425171,15.0,13.1,115.0
13.118175029754639,13.0,13.2,116.0
13.218132972717285,13.0,13.3,117.0
13.31810998916626,11.0,13.4,118.0
13.418190002441406,72.0,13.5,119.0
13.517554998397827,74.0,13.6,120.0
13.618117094039917,79.0,13.7,121.0
13.718062162399292,87.0,13.8,122.0
13.819375038146973,106.0,13.9,123.0
13.918143033981323,94.0,14.0,124.0
14.017304182052612,132.0,14.1,125.0
14.119814157485962,83.0,14.2,126.0
14.218240022659302,49.0,14.3,127.0
14.318171977996826,40.0,14.4,128.0
14.419106006622314,7.0,14.5,129.0
14.517258882522583,5.0,14.6,130.0
14.618227005004883,-6.0,14.7,130.0
14.719184160232544,76.0,14.8,130.0
14.818126916885376,59.0,14.9,130.0
14.918163061141968,74.0,15.0,130.0
15.017316102981567,76.0,15.1,130.0
15.11825704574585,96.0,15.2,130.0
15.21815800666809,112.0,15.3,130.0
15.319242000579834,87.0,15.4,130.0
15.418127059936523,98.0,15.5,130.0
15.51815390586853,93.0,15.6,130.0
15.619204044342041,36.0,15.7,130.0
15.718114137649536,-2.0,15.8,130.0
15.818140983581543,-2.0,15.9,130.0
15.919100046157837,4.0,16.0,130.0
16.018121004104614,34.0,16.1,130.0
16.11830997467041,89.0,16.2,130.0
16.219475030899048,104.0,16.3,130.0
16.318132162094116,121.0,16.4,130.0
16.418471097946167,140.0,16.5,130.0
16.519158124923706,210.0,16.6,130.0
16.618118047714233,119.0,16.7,130.0
16.718163013458252,59.0,16.8,130.0
16.819058179855347,17.0,16.9,130.0
16.91818118095398,5.0,17.0,130.0
17.01814913749695,-6.0,17.1,130.0
17.119171857833862,-8.0,17.2,130.0
17.218103170394897,5.0,17.3,130.0
17.318166971206665,5.0,17.4,130.0
17.418155908584595,36.0,17.5,130.0
17.518131017684937,34.0,17.6,130.0
17.618149995803833,26.0,17.7,131.0
17.718239068984985,17.0,17.8,132.0
17.818016052246094,23.0,17.9,133.0
17.918118000030518,53.0,18.0,134.0
18.018049001693726,66.0,18.1,135.0
18.118085145950317,59.0,18.2,136.0
18.218250036239624,62.0,18.3,137.0
18.319504022598267,59.0,18.4,138.0
18.417959928512573,41.0,18.5,139.0
18.51813507080078,36.0,18.6,140.0
18.619119882583618,7.0,18.7,141.0
18.718106031417847,0.0,18.8,142.0
18.81813907623291,49.0,18.9,143.0
18.919142961502075,102.0,19.0,144.0
19.018139123916626,106.0,19.1,145.0
19.118118047714233,91.0,19.2,146.0
19.219188928604126,104.0,19.3,147.0
19.318076848983765,68.0,19.4,148.0
19.417773008346558,47.0,19.5,149.0
19.519267082214355,38.0,19.6,150.0
19.618077993392944,13.0,19.7,151.0
19.718135118484497,9.0,19.8,152.0
19.81930708885193,60.0,19.9,153.0
19.917556047439575,106.0,20.0,154.0
20.018091917037964,115.0,20.1,155.0
20.1180419921875,89.0,20.2,156.0
20.21805691719055,93.0,20.3,157.0
20.318125009536743,66.0,20.4,158.0
20.4175021648407,55.0,20.5,159.0
20.5180561542511,9.0,20.6,160.0
20.618118047714233,-4.0,20.7,160.0
20.719070196151733,13.0,20.8,160.0
20.81816601753235,85.0,20.9,160.0
20.91812801361084,100.0,21.0,160.0
21.019159078598022,163.0,21.1,160.0
21.11808204650879,146.0,21.2,160.0
21.218157052993774,142.0,21.3,160.0
21.31932806968689,119.0,21.4,160.0
21.418113946914673,85.0,21.5,160.0
21.518115997314453,51.0,21.6,160.0
21.619543075561523,4.0,21.7,160.0
21.718098878860474,-2.0,21.8,160.0
21.818120002746582,38.0,21.9,160.0
21.91947603225708,123.0,22.0,160.0
22.01805305480957,130.0,22.1,160.0
22.11810302734375,142.0,22.2,160.0
22.219209909439087,144.0,22.3,160.0
22.318061113357544,130.0,22.4,160.0
22.41813588142395,127.0,22.5,160.0
22.51801085472107,127.0,22.6,160.0
22.618128061294556,125.0,22.7,160.0
22.718101978302002,138.0,22.8,160.0
22.81907606124878,136.0,22.9,160.0
22.91804003715515,146.0,23.0,160.0
23.01811718940735,146.0,23.1,160.0
23.11923384666443,142.0,23.2,160.0
23.218026876449585,182.0,23.3,160.0
23.318080186843872,170.0,23.4,160.0
23.418043851852417,146.0,23.5,160.0
23.518059968948364,132.0,23.6,160.0
23.618096113204956,130.0,23.7,161.0
23.718000173568726,132.0,23.8,162.0
23.81796407699585,132.0,23.9,163.0
23.918264150619507,172.0,24.0,164.0
24.019219160079956,151.0,24.1,165.0
24.11804509162903,134.0,24.2,166.0
24.218108892440796,130.0,24.3,167.0
24.317804098129272,136.0,24.4,168.0
24.418086051940918,130.0,24.5,169.0
24.51806902885437,130.0,24.6,170.0
24.619595050811768,127.0,24.7,171.0
24.71815299987793,123.0,24.8,172.0
24.81767201423645,132.0,24.9,173.0
24.917999982833862,140.0,25.0,174.0
25.018043041229248,136.0,25.1,175.0
25.11808705329895,140.0,25.2,176.0
25.21984100341797,182.0,25.3,177.0
25.31747317314148,161.0,25.4,178.0
25.418123960494995,148.0,25.5,179.0
25.51959204673767,138.0,25.6,180.0
25.6180419921875,138.0,25.7,181.0
25.718070030212402,140.0,25.8,182.0
25.81734013557434,144.0,25.9,183.0
25.9180428981781,165.0,26.0,184.0
26.018073081970215,161.0,26.1,185.0
26.11939311027527,195.0,26.2,186.0
26.218034029006958,172.0,26.3,187.0
26.318065881729126,138.0,26.4,188.0
26.41934609413147,138.0,26.5,189.0
26.518023014068604,146.0,26.6,190.0
26.618088006973267,157.0,26.7,190.0
26.719369173049927,161.0,26.8,190.0
26.818031072616577,146.0,26.9,190.0
26.91810703277588,153.0,27.0,190.0
27.01944899559021,185.0,27.1,190.0
27.11824107170105,166.0,27.2,190.0
27.218118906021118,155.0,27.3,190.0
27.319406032562256,161.0,27.4,190.0
27.418200969696045,140.0,27.5,190.0
27.518208980560303,108.0,27.6,190.0
27.61813187599182,100.0,27.7,190.0
27.718163013458252,140.0,27.8,190.0
27.818301916122437,174.0,27.9,190.0
27.919412851333618,187.0,28.0,190.0
28.018123865127563,195.0,28.1,190.0
28.118115186691284,180.0,28.2,190.0
28.219362020492554,184.0,28.3,190.0
28.318065881729126,174.0,28.4,190.0
28.41818594932556,140.0,28.5,190.0
28.519334077835083,129.0,28.6,190.0
28.61798405647278,106.0,28.7,190.0
28.71803593635559,93.0,28.8,190.0
28.8182110786438,115.0,28.9,190.0
28.918020963668823,155.0,29.0,190.0
29.018008947372437,182.0,29.1,190.0
29.11972999572754,157.0,29.2,190.0
29.218003034591675,165.0,29.3,190.0
29.318016052246094,172.0,29.4,190.0
29.419184923171997,182.0,29.5,190.0
29.518015146255493,187.0,29.6,190.0
29.617992162704468,182.0,29.7,191.0
29.719085931777954,208.0,29.8,192.0
29.81802010536194,172.0,29.9,193.0
29.91803288459778,112.0,30.0,194.0
30.0190908908844,81.0,30.1,195.0
30.117621183395386,83.0,30.2,196.0
30.218034982681274,121.0,30.3,197.0
30.31910014152527,180.0,30.4,198.0
30.418020009994507,225.0,30.5,199.0
30.51802897453308,206.0,30.6,200.0
30.61919903755188,134.0,30.7,201.0
30.718015909194946,125.0,30.8,202.0
30.818052053451538,104.0,30.9,203.0
30.91916584968567,98.0,31.0,204.0
31.01798105239868,94.0,31.1,205.0
31.118036031723022,85.0,31.2,206.0
31.219227075576782,110.0,31.3,207.0
31.31800603866577,112.0,31.4,208.0
31.418237924575806,134.0,31.5,209.0
31.519192934036255,149.0,31.6,210.0
31.617985010147095,157.0,31.7,211.0
31.718135118484497,178.0,31.8,212.0
31.81926989555359,182.0,31.9,213.0
31.91800308227539,201.0,32.0,214.0
32.01802897453308,153.0,32.1,215.0
32.11923384666443,100.0,32.2,216.0
32.21800684928894,83.0,32.3,217.0
32.318156003952026,72.0,32.4,218.0
32.41912817955017,77.0,32.5,219.0
32.51796793937683,112.0,32.6,220.0
32.618030071258545,110.0,32.7,220.0
32.71957087516785,155.0,32.8,220.0
32.81799817085266,187.0,32.9,220.0
32.91802000999451,197.0,33.0,220.0
33.01715397834778,202.0,33.1,220.0
33.11802101135254,144.0,33.2,220.0
33.217836141586304,113.0,33.3,220.0
33.31927704811096,74.0,33.4,220.0
33.41804504394531,59.0,33.5,220.0
33.518019914627075,51.0,33.6,220.0
33.61712908744812,100.0,33.7,220.0
33.718000173568726,66.0,33.8,220.0
33.8180148601532,123.0,33.9,220.0
33.91923213005066,199.0,34.0,220.0
34.018057107925415,210.0,34.1,220.0
34.118043184280396,244.0,34.2,220.0
34.21728301048279,235.0,34.3,220.0
34.31796717643738,227.0,34.4,220.0
34.41705393791199,233.0,34.5,220.0
34.519373178482056,208.0,34.6,220.0
34.61798691749573,193.0,34.7,220.0
34.717079877853394,202.0,34.8,220.0
34.81933617591858,223.0,34.9,220.0
34.91697287559509,176.0,35.0,220.0
35.01798415184021,165.0,35.1,220.0
35.11932110786438,255.0,35.2,220.0
35.21797490119934,301.0,35.3,220.0
35.31803798675537,208.0,35.4,220.0
35.41938090324402,153.0,35.5,220.0
35.51700401306152,129.0,35.6,220.0
35.61802887916565,108.0,35.7,221.0
35.71713614463806,87.0,35.8,222.0
35.81700801849365,81.0,35.9,223.0
35.9171679019928,81.0,36.0,224.0
36.01724314689636,96.0,36.1,225.0
36.11796998977661,151.0,36.2,226.0
36.218000173568726,132.0,36.3,227.0
36.317700147628784,106.0,36.4,228.0
36.418007135391235,91.0,36.5,229.0
36.51709818840027,93.0,36.6,230.0
36.61987805366516,87.0,36.7,231.0
36.71713900566101,89.0,36.8,232.0
36.81799602508545,91.0,36.9,233.0
36.91947603225708,140.0,37.0,234.0
37.017983198165894,157.0,37.1,235.0
37.11800217628479,168.0,37.2,236.0
37.21719288825989,132.0,37.3,237.0
37.31796598434448,100.0,37.4,238.0
37.41803193092346,89.0,37.5,239.0
37.51937985420227,79.0,37.6,240.0
37.617271184921265,76.0,37.7,241.0
37.717138051986694,74.0,37.8,242.0
37.819416999816895,77.0,37.9,243.0
37.91715598106384,83.0,38.0,244.0
38.01799297332764,123.0,38.1,245.0
38.119446992874146,199.0,38.2,246.0
38.21716809272766,202.0,38.3,247.0
38.31720519065857,149.0,38.4,248.0
38.41955494880676,132.0,38.5,249.0
38.51720213890076,127.0,38.6,250.0
38.61718010902405,102.0,38.7,250.0
38.71745419502258,98.0,38.8,250.0
38.81798815727234,151.0,38.9,250.0
38.9181010723114,161.0,39.0,250.0
39.019442081451416,168.0,39.1,250.0
39.117969036102295,185.0,39.2,250.0
39.217222929000854,193.0,39.3,250.0
39.31794190406799,223.0,39.4,250.0
39.41796803474426,225.0,39.5,250.0
39.517261028289795,159.0,39.6,250.0
39.61796307563782,127.0,39.7,250.0
39.71794605255127,121.0,39.8,250.0
39.8179829120636,119.0,39.9,250.0
39.919387102127075,106.0,40.0,250.0
40.01724410057068,108.0,40.1,250.0
40.11797785758972,166.0,40.2,250.0
40.21796107292175,168.0,40.3,250.0
40.31795001029968,187.0,40.4,250.0
40.41799712181091,214.0,40.5,250.0
40.51796102523804,210.0,40.6,250.0
40.617987871170044,174.0,40.7,250.0
40.71740794181824,191.0,40.8,250.0
40.81794095039368,193.0,40.9,250.0
40.91740918159485,149.0,41.0,250.0
41.017971992492676,96.0,41.1,250.0
41.117918968200684,60.0,41.2,250.0
41.21790814399719,76.0,41.3,250.0
41.318010091781616,138.0,41.4,250.0
41.41797995567322,153.0,41.5,250.0
41.51798892021179,216.0,41.6,250.0
41.61796998977661,201.0,41.7,251.0
41.71761202812195,199.0,41.8,252.0
41.81790518760681,210.0,41.9,253.0
41.91797614097595,197.0,42.0,254.0
42.017467975616455,159.0,42.1,255.0
42.11792707443237,170.0,42.2,256.0
42.21795201301575,140.0,42.3,257.0
42.31759715080261,83.0,42.4,258.0
42.417929887771606,178.0,42.5,259.0
42.51758694648743,240.0,42.6,260.0
42.61796998977661,218.0,42.7,261.0
42.71790289878845,206.0,42.8,262.0
42.81794810295105,210.0,42.9,263.0
42.917720079422,225.0,43.0,264.0
43.01750111579895,151.0,43.1,265.0
43.117400884628296,136.0,43.2,266.0
43.217907190322876,157.0,43.3,267.0
43.317972898483276,219.0,43.4,268.0
43.41800904273987,227.0,43.5,269.0
43.5179169178009,235.0,43.6,270.0
43.61791014671326,229.0,43.7,271.0
43.71793603897095,206.0,43.8,272.0
43.81775689125061,201.0,43.9,273.0
43.91796398162842,204.0,44.0,274.0
44.01749897003174,201.0,44.1,275.0
44.11791014671326,176.0,44.2,276.0
44.21748900413513,184.0,44.3,277.0
44.31797194480896,225.0,44.4,278.0
44.417572021484375,227.0,44.5,279.0
44.51747393608093,233.0,44.6,280.0
44.61796307563782,214.0,44.7,280.0
44.717549085617065,223.0,44.8,280.0
44.81759810447693,235.0,44.9,280.0
44.91752219200134,246.0,45.0,280.0
45.01753115653992,254.0,45.1,280.0
45.11806106567383,255.0,45.2,280.0
45.217966079711914,254.0,45.3,280.0
45.31756401062012,257.0,45.4,280.0
45.417940855026245,255.0,45.5,280.0
45.51793313026428,259.0,45.6,280.0
45.61759305000305,290.0,45.7,280.0
45.717878103256226,263.0,45.8,280.0
45.81792497634888,263.0,45.9,280.0
45.91763401031494,263.0,46.0,280.0
46.01787495613098,257.0,46.1,280.0
46.11761784553528,238.0,46.2,280.0
46.21793818473816,248.0,46.3,280.0
46.31787610054016,231.0,46.4,280.0
46.417678117752075,238.0,46.5,280.0
46.51789116859436,259.0,46.6,280.0
46.61752486228943,257.0,46.7,280.0
46.71771216392517,261.0,46.8,280.0
46.81791615486145,255.0,46.9,280.0
46.917864084243774,252.0,47.0,280.0
47.01796793937683,250.0,47.1,280.0
47.11765217781067,259.0,47.2,280.0
47.217880964279175,265.0,47.3,280.0
47.31799292564392,257.0,47.4,280.0
47.41795301437378,250.0,47.5,280.0
47.517935037612915,244.0,47.6,280.0
47.61794590950012,265.0,47.7,281.0
47.71790814399719,271.0,47.8,282.0
47.81766700744629,271.0,47.9,283.0
47.917929887771606,246.0,48.0,284.0
48.01768898963928,218.0,48.1,285.0
48.117868185043335,170.0,48.2,286.0
48.217971086502075,163.0,48.3,287.0
48.317662954330444,180.0,48.4,288.0
48.41793704032898,157.0,48.5,289.0
48.51793313026428,125.0,48.6,290.0
48.61772418022156,121.0,48.7,291.0
48.71771216392517,142.0,48.8,292.0
48.81792497634888,153.0,48.9,293.0
48.917922019958496,214.0,49.0,294.0
49.01770806312561,225.0,49.1,295.0
49.11780095100403,254.0,49.2,296.0
49.21775984764099,255.0,49.3,297.0
49.317755937576294,267.0,49.4,298.0
49.41792702674866,274.0,49.5,299.0
49.51788401603699,267.0,49.6,300.0
49.61772418022156,252.0,49.7,301.0
49.71782612800598,329.0,49.8,302.0
49.81791305541992,320.0,49.9,303.0
49.917680978775024,176.0,50.0,304.0
50.01784896850586,161.0,50.1,305.0
50.117928981781006,159.0,50.2,306.0
50.2178430557251,136.0,50.3,307.0
50.31793403625488,115.0,50.4,308.0
50.4179470539093,94.0,50.5,309.0
50.517842054367065,112.0,50.6,310.0
50.617902994155884,127.0,50.7,310.0
50.717912912368774,106.0,50.8,310.0
50.81790804862976,98.0,50.9,310.0
50.917901039123535,123.0,51.0,310.0
51.01791214942932,371.0,51.1,310.0
51.11786103248596,199.0,51.2,310.0
51.21793484687805,132.0,51.3,310.0
51.318068981170654,113.0,51.4,310.0
51.417929887771606,91.0,51.5,310.0
51.51795506477356,76.0,51.6,310.0
51.617948055267334,64.0,51.7,310.0
51.717889070510864,47.0,51.8,310.0
51.81791615486145,36.0,51.9,310.0
51.91793203353882,21.0,52.0,310.0
52.017879009246826,2.0,52.1,310.0
52.11790490150452,13.0,52.2,310.0
52.217954874038696,13.0,52.3,310.0
52.31790089607239,13.0,52.4,310.0
52.41793513298035,13.0,52.5,310.0
52.51793885231018,38.0,52.6,310.0
52.61777710914612,13.0,52.7,310.0
52.717915058135986,15.0,52.8,310.0
52.81790900230408,17.0,52.9,310.0
52.91788697242737,57.0,53.0,310.0
53.01792907714844,60.0,53.1,310.0
53.117964029312134,79.0,53.2,310.0
53.21701216697693,74.0,53.3,310.0
53.31790804862976,81.0,53.4,310.0
53.417990922927856,79.0,53.5,310.0
53.517932176589966,89.0,53.6,310.0
53.617936849594116,106.0,53.7,311.0
53.71803689002991,144.0,53.8,312.0
53.81785798072815,151.0,53.9,313.0
53.91801905632019,165.0,54.0,314.0
54.01797318458557,174.0,54.1,315.0
54.11786699295044,170.0,54.2,316.0
54.22245407104492,163.0,54.3,317.0
54.31796717643738,110.0,54.4,318.0
54.417864084243774,81.0,54.5,319.0
54.51788806915283,77.0,54.6,320.0
54.61797595024109,115.0,54.7,321.0
54.717966079711914,166.0,54.8,322.0
54.81793189048767,189.0,54.9,323.0
54.91793704032898,199.0,55.0,324.0
55.01787304878235,148.0,55.1,325.0
55.117908000946045,123.0,55.2,326.0
55.218053102493286,93.0,55.3,327.0
55.31791305541992,64.0,55.4,328.0
55.41790986061096,62.0,55.5,329.0
55.517903089523315,72.0,55.6,330.0
55.617855072021484,142.0,55.7,331.0
55.71795201301575,184.0,55.8,332.0
55.81794190406799,202.0,55.9,333.0
55.91792607307434,206.0,56.0,334.0
56.018001079559326,204.0,56.1,335.0
56.11801600456238,223.0,56.2,336.0
56.21789193153381,193.0,56.3,337.0
56.317911863327026,125.0,56.4,338.0
56.4179310798645,83.0,56.5,339.0
56.51795697212219,62.0,56.6,340.0
56.61790919303894,79.0,56.7,340.0
56.71795916557312,123.0,56.8,340.0
56.817829847335815,189.0,56.9,340.0
56.917908906936646,208.0,57.0,340.0
57.01792001724243,206.0,57.1,340.0
57.117828130722046,214.0,57.2,340.0
57.21791386604309,216.0,57.3,340.0
57.317955017089844,214.0,57.4,340.0
57.41790413856506,225.0,57.5,340.0
57.517236948013306,229.0,57.6,340.0
57.61805701255798,238.0,57.7,340.0
57.71777606010437,238.0,57.8,340.0
57.817875146865845,235.0,57.9,340.0
57.91799998283386,248.0,58.0,340.0
58.01785492897034,235.0,58.1,340.0
58.11790204048157,235.0,58.2,340.0
58.2179901599884,254.0,58.3,340.0
58.317031145095825,244.0,58.4,340.0
58.417922019958496,240.0,58.5,340.0
58.517969846725464,246.0,58.6,340.0
58.617902994155884,248.0,58.7,340.0
58.71785616874695,242.0,58.8,340.0
58.81797003746033,269.0,58.9,340.0
58.91785001754761,250.0,59.0,340.0
59.01801800727844,254.0,59.1,340.0
59.11791205406189,269.0,59.2,340.0
59.217844009399414,261.0,59.3,340.0
59.317898988723755,263.0,59.4,340.0
59.417914152145386,265.0,59.5,340.0
59.51784110069275,263.0,59.6,340.0
59.61797499656677,273.0,59.7,341.0
59.71791386604309,267.0,59.8,342.0
59.817829847335815,263.0,59.9,343.0
59.9178740978241,267.0,60.0,344.0
60.017935037612915,280.0,60.1,345.0
60.11795687675476,274.0,60.2,346.0
60.217851877212524,269.0,60.3,347.0
60.317923069000244,274.0,60.4,348.0
60.41688418388367,261.0,60.5,349.0
60.517861127853394,255.0,60.6,350.0
60.61797118186951,255.0,60.7,351.0
60.71780705451965,263.0,60.8,352.0
60.817919969558716,261.0,60.9,353.0
60.91791892051697,263.0,61.0,354.0
61.01783490180969,265.0,61.1,355.0
61.117876052856445,269.0,61.2,356.0
61.21791100502014,263.0,61.3,357.0
61.31782102584839,257.0,61.4,358.0
61.41820406913757,259.0,61.5,359.0
61.51800894737244,269.0,61.6,360.0
61.61780619621277,273.0,61.7,361.0
61.717889070510864,271.0,61.8,362.0
61.81796193122864,263.0,61.9,363.0
61.91783118247986,265.0,62.0,364.0
62.01792907714844,290.0,62.1,365.0
62.1178879737854,293.0,62.2,366.0
62.21788716316223,322.0,62.3,367.0
62.317919969558716,339.0,62.4,368.0
62.41795897483826,254.0,62.5,369.0
62.51780104637146,252.0,62.6,370.0
62.617868185043335,229.0,62.7,370.0
62.71803689002991,210.0,62.8,370.0
62.81783986091614,214.0,62.9,370.0
62.91787600517273,238.0,63.0,370.0
63.01789402961731,375.0,63.1,370.0
63.11783719062805,350.0,63.2,370.0
63.21807503700256,246.0,63.3,370.0
63.31801390647888,219.0,63.4,370.0
63.4180691242218,185.0,63.5,370.0
63.51795792579651,153.0,63.6,370.0
63.61783814430237,148.0,63.7,370.0
63.7177631855011,187.0,63.8,370.0
63.817909955978394,238.0,63.9,370.0
63.917887926101685,280.0,64.0,370.0
64.01781487464905,307.0,64.1,370.0
64.1178629398346,297.0,64.2,370.0
64.21796488761902,316.0,64.3,370.0
64.31777906417847,295.0,64.4,370.0
64.41783905029297,344.0,64.5,370.0
64.51795792579651,303.0,64.6,370.0
64.61786603927612,221.0,64.7,370.0
64.71789407730103,208.0,64.8,370.0
64.81787896156311,242.0,64.9,370.0
64.9178478717804,269.0,65.0,370.0
65.0179090499878,329.0,65.1,370.0
65.11788606643677,362.0,65.2,370.0
65.21781086921692,337.0,65.3,370.0
65.31785607337952,343.0,65.4,370.0
65.41785907745361,339.0,65.5,370.0
65.51772403717041,352.0,65.6,370.0
65.61783194541931,343.0,65.7,371.0
65.71724486351013,362.0,65.8,372.0
65.81776213645935,360.0,65.9,373.0
65.91784501075745,362.0,66.0,374.0
66.01787686347961,405.0,66.1,375.0
66.1177818775177,341.0,66.2,376.0
66.21786403656006,322.0,66.3,377.0
66.31807899475098,324.0,66.4,378.0
66.41781806945801,320.0,66.5,379.0
66.51782608032227,312.0,66.6,380.0
66.61790108680725,297.0,66.7,381.0
66.71778893470764,295.0,66.8,382.0
66.8178141117096,303.0,66.9,383.0
66.91791415214539,303.0,67.0,384.0
67.01777601242065,322.0,67.1,385.0
67.11781907081604,358.0,67.2,386.0
67.21785497665405,322.0,67.3,387.0
67.31780505180359,335.0,67.4,388.0
67.41794204711914,407.0,67.5,389.0
67.51787495613098,384.0,67.6,390.0
67.61794805526733,307.0,67.7,391.0
67.71785998344421,273.0,67.8,392.0
67.81791996955872,244.0,67.9,393.0
67.91790890693665,231.0,68.0,394.0
68.0179831981659,208.0,68.1,395.0
68.11807799339294,219.0,68.2,396.0
68.21791100502014,358.0,68.3,397.0
68.31798505783081,316.0,68.4,398.0
68.41804599761963,255.0,68.5,399.0
68.51795792579651,244.0,68.6,400.0
68.61793804168701,252.0,68.7,400.0
68.71802997589111,271.0,68.8,400.0
68.8178219795227,305.0,68.9,400.0
68.91866087913513,358.0,69.0,400.0
69.01790118217468,358.0,69.1,400.0
69.11777901649475,360.0,69.2,400.0
69.21783709526062,344.0,69.3,400.0
69.31782102584839,365.0,69.4,400.0
69.41771388053894,324.0,69.5,400.0
69.51777505874634,343.0,69.6,400.0
69.61778402328491,329.0,69.7,400.0
69.71770906448364,252.0,69.8,400.0
69.81777501106262,263.0,69.9,400.0
69.91782116889954,316.0,70.0,400.0
70.01772713661194,371.0,70.1,400.0
70.11778497695923,407.0,70.2,400.0
70.21790599822998,367.0,70.3,400.0
70.3177080154419,369.0,70.4,400.0
70.41780400276184,363.0,70.5,400.0
70.51775813102722,371.0,70.6,400.0
70.61775517463684,352.0,70.7,400.0
70.71777105331421,335.0,70.8,400.0
70.81782507896423,333.0,70.9,400.0
70.91776585578918,346.0,71.0,400.0
71.01777601242065,348.0,71.1,400.0
71.11784195899963,354.0,71.2,400.0
71.2177050113678,363.0,71.3,400.0
71.31785202026367,362.0,71.4,400.0
71.41788506507874,367.0,71.5,400.0
71.51773619651794,392.0,71.6,399.0
71.61779189109802,399.0,71.7,398.0
71.71781206130981,362.0,71.8,397.0
71.81773591041565,362.0,71.9,396.0
71.91778802871704,371.0,72.0,395.0
72.01781702041626,346.0,72.1,394.0
72.11766409873962,356.0,72.2,393.0
72.21778607368469,384.0,72.3,392.0
72.31783199310303,386.0,72.4,391.0
72.41776490211487,422.0,72.5,390.0
72.51780390739441,390.0,72.6,389.0
72.617830991745,386.0,72.7,388.0
72.71775317192078,386.0,72.8,387.0
72.8177878856659,394.0,72.9,386.0
72.91782116889954,401.0,73.0,385.0
73.01776814460754,398.0,73.1,384.0
73.11777901649475,398.0,73.2,383.0
73.21792602539062,392.0,73.3,382.0
73.31782412528992,360.0,73.4,381.0
73.4177770614624,363.0,73.5,380.0
73.5178370475769,352.0,73.6,379.0
73.61776304244995,337.0,73.7,378.0
73.7177619934082,346.0,73.8,377.0
73.81792402267456,363.0,73.9,376.0
73.91780495643616,354.0,74.0,375.0
74.01776194572449,375.0,74.1,374.0
74.11782097816467,398.0,74.2,373.0
74.21775102615356,390.0,74.3,372.0
74.3177740573883,390.0,74.4,371.0
74.41779494285583,394.0,74.5,370.0
74.51774907112122,386.0,74.6,370.0
74.6177670955658,337.0,74.7,370.0
74.71783399581909,312.0,74.8,370.0
74.81774592399597,303.0,74.9,370.0
74.91776204109192,309.0,75.0,370.0
75.01781105995178,341.0,75.1,370.0
75.11774516105652,415.0,75.2,370.0
75.21776103973389,367.0,75.3,370.0
75.31778407096863,329.0,75.4,370.0
75.41776490211487,322.0,75.5,370.0
75.51776385307312,320.0,75.6,370.0
75.61780285835266,307.0,75.7,370.0
75.71770310401917,280.0,75.8,370.0
75.81777787208557,254.0,75.9,370.0
75.91783118247986,259.0,76.0,370.0
76.01784014701843,278.0,76.1,370.0
76.11775517463684,310.0,76.2,370.0
76.21780800819397,339.0,76.3,370.0
76.31774020195007,343.0,76.4,370.0
76.41785216331482,333.0,76.5,370.0
76.51782298088074,367.0,76.6,370.0
76.61773300170898,312.0,76.7,370.0
76.7177460193634,312.0,76.8,370.0
76.81782007217407,316.0,76.9,370.0
76.91773200035095,291.0,77.0,370.0
77.01774096488953,273.0,77.1,370.0
77.1178150177002,307.0,77.2,370.0
77.2177209854126,373.0,77.3,370.0
77.31778216362,322.0,77.4,370.0
77.41783905029297,282.0,77.5,370.0
77.51772618293762,250.0,77.6,369.0
77.61774611473083,231.0,77.7,368.0
77.71796107292175,237.0,77.8,367.0
77.81773018836975,259.0,77.9,366.0
77.91775798797607,310.0,78.0,365.0
78.0178120136261,358.0,78.1,364.0
78.11771512031555,411.0,78.2,363.0
78.21773505210876,358.0,78.3,362.0
78.3178231716156,326.0,78.4,361.0
78.4177770614624,274.0,78.5,360.0
78.51777505874634,273.0,78.6,359.0
78.61776089668274,261.0,78.7,358.0
78.7177050113678,267.0,78.8,357.0
78.81775999069214,273.0,78.9,356.0
78.91787314414978,295.0,79.0,355.0
79.01771187782288,379.0,79.1,354.0
79.11776089668274,286.0,79.2,353.0
79.21799397468567,227.0,79.3,352.0
79.3178219795227,202.0,79.4,351.0
79.4178569316864,197.0,79.5,350.0
79.51783108711243,193.0,79.6,349.0
79.61767888069153,199.0,79.7,348.0
79.71774506568909,225.0,79.8,347.0
79.81781315803528,257.0,79.9,346.0
79.91780400276184,293.0,80.0,345.0
80.01782298088074,356.0,80.1,344.0
80.1178150177002,288.0,80.2,343.0
80.21772313117981,238.0,80.3,342.0
80.31773018836975,212.0,80.4,341.0
80.41781306266785,201.0,80.5,340.0
80.51771306991577,225.0,80.6,340.0
80.61772990226746,254.0,80.7,340.0
80.71778416633606,244.0,80.8,340.0
80.81773114204407,291.0,80.9,340.0
80.91771101951599,314.0,81.0,340.0
81.01778101921082,282.0,81.1,340.0
81.11737108230591,295.0,81.2,340.0
81.21773099899292,286.0,81.3,340.0
81.31828713417053,293.0,81.4,340.0
81.41772389411926,223.0,81.5,340.0
81.51769804954529,138.0,81.6,340.0
81.61774611473083,123.0,81.7,340.0
81.71769309043884,231.0,81.8,340.0
81.81779313087463,273.0,81.9,340.0
81.91737604141235,284.0,82.0,340.0
82.01761603355408,316.0,82.1,340.0
82.11779403686523,310.0,82.2,340.0
82.21775317192078,327.0,82.3,340.0
82.3176839351654,199.0,82.4,340.0
82.41781210899353,132.0,82.5,340.0
82.51773715019226,119.0,82.6,340.0
82.61782717704773,176.0,82.7,340.0
82.71771907806396,233.0,82.8,340.0
82.8177490234375,282.0,82.9,340.0
82.91764187812805,339.0,83.0,340.0
83.01770806312561,326.0,83.1,340.0
83.11780714988708,314.0,83.2,340.0
83.21766495704651,229.0,83.3,340.0
83.317715883255,168.0,83.4,340.0
83.41779589653015,85.0,83.5,340.0
83.51766419410706,72.0,83.6,339.0
83.61778998374939,157.0,83.7,338.0
83.71779608726501,233.0,83.8,337.0
83.81768608093262,297.0,83.9,336.0
83.9177770614624,309.0,84.0,335.0
84.0178279876709,335.0,84.1,334.0
84.11769604682922,333.0,84.2,333.0
84.21771502494812,346.0,84.3,332.0
84.31774401664734,314.0,84.4,331.0
84.4176390171051,174.0,84.5,330.0
84.51773619651794,146.0,84.6,329.0
84.61775207519531,159.0,84.7,328.0
84.71772408485413,225.0,84.8,327.0
84.81775689125061,280.0,84.9,326.0
84.91774392127991,309.0,85.0,325.0
85.01770186424255,322.0,85.1,324.0
85.11769413948059,329.0,85.2,323.0
85.21795701980591,324.0,85.3,322.0
85.31770014762878,223.0,85.4,321.0
85.41774201393127,182.0,85.5,320.0
85.51772403717041,151.0,85.6,319.0
85.61768794059753,214.0,85.7,318.0
85.71775603294373,295.0,85.8,317.0
85.8178939819336,324.0,85.9,316.0
85.91768598556519,352.0,86.0,315.0
86.01769518852234,335.0,86.1,314.0
86.11774802207947,286.0,86.2,313.0
86.21769404411316,172.0,86.3,312.0
86.31768918037415,159.0,86.4,311.0
86.41774392127991,185.0,86.5,310.0
86.51762413978577,263.0,86.6,310.0
86.61769318580627,291.0,86.7,310.0
86.7177369594574,255.0,86.8,310.0
86.81768918037415,255.0,86.9,310.0
86.91768908500671,244.0,87.0,310.0
87.01777386665344,195.0,87.1,310.0
87.11764693260193,161.0,87.2,310.0
87.21769690513611,138.0,87.3,310.0
87.31773686408997,130.0,87.4,310.0
87.41765189170837,168.0,87.5,310.0
87.51777696609497,210.0,87.6,310.0
87.6177351474762,267.0,87.7,310.0
87.7175829410553,295.0,87.8,310.0
87.81767916679382,307.0,87.9,310.0
87.91773700714111,284.0,88.0,310.0
88.01761102676392,244.0,88.1,310.0
88.11772990226746,180.0,88.2,310.0
88.21762704849243,138.0,88.3,310.0
88.31766605377197,223.0,88.4,310.0
88.41776204109192,261.0,88.5,310.0
88.51770997047424,350.0,88.6,310.0
88.6176688671112,208.0,88.7,310.0
88.71768999099731,172.0,88.8,310.0
88.81782793998718,155.0,88.9,310.0
88.91762614250183,146.0,89.0,310.0
89.01769185066223,136.0,89.1,310.0
89.1178081035614,136.0,89.2,310.0
89.21766805648804,136.0,89.3,310.0
89.31772685050964,140.0,89.4,310.0
89.41774010658264,165.0,89.5,310.0
89.51767897605896,229.0,89.6,309.0
89.61767601966858,238.0,89.7,308.0
89.71768689155579,259.0,89.8,307.0
89.81762504577637,271.0,89.9,306.0
89.91767191886902,255.0,90.0,305.0
90.01769185066223,280.0,90.1,304.0
90.11781597137451,301.0,90.2,303.0
90.21766495704651,291.0,90.3,302.0
90.31769013404846,284.0,90.4,301.0
90.41763091087341,225.0,90.5,300.0
90.5179169178009,180.0,90.6,299.0
90.61772894859314,170.0,90.7,298.0
90.71762299537659,166.0,90.8,297.0
90.81764101982117,163.0,90.9,296.0
90.91770505905151,176.0,91.0,295.0
91.01764512062073,248.0,91.1,294.0
91.11768007278442,250.0,91.2,293.0
91.21775507926941,310.0,91.3,292.0
91.31760501861572,280.0,91.4,291.0
91.41782593727112,255.0,91.5,290.0
91.51771402359009,199.0,91.6,289.0
91.61771702766418,168.0,91.7,288.0
91.71767807006836,172.0,91.8,287.0
91.81774806976318,176.0,91.9,286.0
91.91766285896301,225.0,92.0,285.0
92.01772284507751,273.0,92.1,284.0
92.11772894859314,286.0,92.2,283.0
92.21772313117981,284.0,92.3,282.0
92.31769490242004,257.0,92.4,281.0
92.41778111457825,219.0,92.5,280.0
92.51769518852234,163.0,92.6,280.0
92.61769986152649,129.0,92.7,280.0
92.71783518791199,127.0,92.8,280.0
92.8176281452179,219.0,92.9,280.0
92.91772818565369,248.0,93.0,280.0
93.017657995224,310.0,93.1,280.0
93.11764311790466,240.0,93.2,280.0
93.21771001815796,185.0,93.3,280.0
93.31767106056213,146.0,93.4,280.0
93.41766285896301,155.0,93.5,280.0
93.51772618293762,161.0,93.6,280.0
93.61771607398987,161.0,93.7,280.0
93.71766591072083,157.0,93.8,280.0
93.8176600933075,153.0,93.9,280.0
93.91768717765808,185.0,94.0,280.0
94.01762795448303,250.0,94.1,280.0
94.1176609992981,273.0,94.2,280.0
94.21775317192078,299.0,94.3,280.0
94.31768012046814,291.0,94.4,280.0
94.41779112815857,229.0,94.5,280.0
94.51767706871033,197.0,94.6,280.0
94.61762118339539,161.0,94.7,280.0
94.71768116950989,165.0,94.8,280.0
94.8176920413971,214.0,94.9,280.0
94.91761207580566,291.0,95.0,280.0
95.01775002479553,271.0,95.1,280.0
95.11775803565979,271.0,95.2,280.0
95.21765685081482,199.0,95.3,280.0
95.31763696670532,159.0,95.4,280.0
95.41782689094543,130.0,95.5,280.0
95.51758313179016,166.0,95.6,279.0
95.6177110671997,221.0,95.7,278.0
95.71773791313171,276.0,95.8,277.0
95.81768012046814,267.0,95.9,276.0
95.917720079422,257.0,96.0,275.0
96.01763892173767,267.0,96.1,274.0
96.11770510673523,189.0,96.2,273.0
96.21767401695251,129.0,96.3,272.0
96.31774687767029,130.0,96.4,271.0
96.41771817207336,204.0,96.5,270.0
96.51767897605896,259.0,96.6,269.0
96.61761999130249,309.0,96.7,268.0
96.71767592430115,320.0,96.8,267.0
96.81765699386597,324.0,96.9,266.0
96.91763186454773,271.0,97.0,265.0
97.01763105392456,185.0,97.1,264.0
97.11771202087402,161.0,97.2,263.0
97.21767902374268,178.0,97.3,262.0
97.31780791282654,165.0,97.4,261.0
97.41789317131042,165.0,97.5,260.0
97.51771402359009,174.0,97.6,259.0
97.61761999130249,163.0,97.7,258.0
97.7176821231842,157.0,97.8,257.0
97.81768703460693,163.0,97.9,256.0
97.91765189170837,202.0,98.0,255.0
98.01771807670593,250.0,98.1,254.0
98.1176450252533,252.0,98.2,253.0
98.21762585639954,219.0,98.3,252.0
98.31775903701782,176.0,98.4,251.0
98.41769599914551,168.0,98.5,250.0
98.51764106750488,161.0,98.6,250.0
98.6177020072937,238.0,98.7,250.0
98.71765685081482,242.0,98.8,250.0
98.8176109790802,263.0,98.9,250.0
98.91782116889954,225.0,99.0,250.0
99.01767706871033,176.0,99.1,250.0
99.11762118339539,146.0,99.2,250.0
99.21761393547058,144.0,99.3,250.0
99.31761598587036,216.0,99.4,250.0
99.41757202148438,261.0,99.5,250.0
99.51763200759888,238.0,99.6,250.0
99.6176688671112,182.0,99.7,250.0
99.71679306030273,185.0,99.8,250.0
99.81765604019165,168.0,99.9,250.0
99.91770696640015,166.0,100.0,250.0
100.01780104637146,153.0,100.1,250.0
100.11768317222595,201.0,100.2,250.0
100.21769905090332,263.0,100.3,250.0
100.31764602661133,250.0,100.4,250.0
100.41771006584167,216.0,100.5,250.0
100.51768898963928,149.0,100.6,250.0
100.61679601669312,132.0,100.7,250.0
100.71767592430115,146.0,100.8,250.0
100.81763815879822,193.0,100.9,250.0
100.91761612892151,216.0,101.0,250.0
101.01765894889832,233.0,101.1,250.0
101.11764788627625,195.0,101.2,250.0
101.217600107193,117.0,101.3,250.0
101.31767106056213,112.0,101.4,250.0
101.41766500473022,132.0,101.5,250.0
101.51762890815735,212.0,101.6,249.0
101.61766409873962,240.0,101.7,248.0
101.71763586997986,246.0,101.8,247.0
101.81772899627686,244.0,101.9,246.0
101.9168541431427,254.0,102.0,245.0
102.01775813102722,240.0,102.1,244.0
102.11771988868713,153.0,102.2,243.0
102.21779203414917,108.0,102.3,242.0
102.31775307655334,89.0,102.4,241.0
102.41711211204529,159.0,102.5,240.0
102.51774096488953,219.0,102.6,239.0
102.61763000488281,271.0,102.7,238.0
102.71757102012634,290.0,102.8,237.0
102.81762909889221,274.0,102.9,236.0
102.9176230430603,197.0,103.0,235.0
103.0176088809967,153.0,103.1,234.0
103.11763000488281,115.0,103.2,233.0
103.21762585639954,130.0,103.3,232.0
103.31759715080261,113.0,103.4,231.0
103.4177930355072,94.0,103.5,230.0
103.51689600944519,89.0,103.6,229.0
103.61775207519531,91.0,103.7,228.0
103.7176730632782,96.0,103.8,227.0
103.81767296791077,157.0,103.9,226.0
103.91759991645813,195.0,104.0,225.0
104.01781105995178,214.0,104.1,224.0
104.11778807640076,189.0,104.2,223.0
104.21776795387268,208.0,104.3,222.0
104.3177740573883,161.0,104.4,221.0
104.41762900352478,102.0,104.5,220.0
104.51773190498352,100.0,104.6,220.0
104.61777710914612,100.0,104.7,220.0
104.71695899963379,110.0,104.8,220.0
104.81772589683533,208.0,104.9,220.0
104.91779494285583,195.0,105.0,220.0
105.01774287223816,223.0,105.1,220.0
105.11773896217346,185.0,105.2,220.0
105.21800112724304,151.0,105.3,220.0
105.3177421092987,123.0,105.4,220.0
105.41780018806458,115.0,105.5,220.0
105.51776194572449,119.0,105.6,220.0
105.6177499294281,113.0,105.7,220.0
105.71772003173828,113.0,105.8,220.0
105.81776213645935,187.0,105.9,220.0
105.91773009300232,202.0,106.0,220.0
106.01758313179016,274.0,106.1,220.0
106.11760592460632,305.0,106.2,220.0
106.21760487556458,172.0,106.3,220.0
106.31755709648132,134.0,106.4,220.0
106.41796207427979,113.0,106.5,220.0
106.51772999763489,108.0,106.6,220.0
106.6177430152893,89.0,106.7,220.0
106.71775698661804,70.0,106.8,220.0
106.81776309013367,64.0,106.9,220.0
106.91771697998047,64.0,107.0,220.0
107.01777005195618,70.0,107.1,220.0
107.11772418022156,70.0,107.2,220.0
107.2177369594574,68.0,107.3,220.0
107.31773495674133,66.0,107.4,220.0
107.41780805587769,66.0,107.5,220.0
107.51773190498352,83.0,107.6,219.0
107.61773991584778,106.0,107.7,218.0
107.71872305870056,134.0,107.8,217.0
107.81771206855774,174.0,107.9,216.0
107.91777491569519,202.0,108.0,215.0
108.01787495613098,208.0,108.1,214.0
108.11770987510681,216.0,108.2,213.0
108.21810984611511,199.0,108.3,212.0
108.31790089607239,174.0,108.4,211.0
108.4180200099945,130.0,108.5,210.0
108.51721692085266,130.0,108.6,209.0
108.61776518821716,185.0,108.7,208.0
108.71757912635803,187.0,108.8,207.0
108.81774497032166,214.0,108.9,206.0
108.9180018901825,148.0,109.0,205.0
109.01797699928284,127.0,109.1,204.0
109.11794400215149,119.0,109.2,203.0
109.21791195869446,121.0,109.3,202.0
109.31764698028564,159.0,109.4,201.0
109.41776490211487,199.0,109.5,200.0
109.5177071094513,182.0,109.6,199.0
109.61770415306091,176.0,109.7,198.0
109.71770119667053,180.0,109.8,197.0
109.81742787361145,149.0,109.9,196.0
109.91751098632812,127.0,110.0,195.0
110.01864790916443,176.0,110.1,194.0
110.11793684959412,195.0,110.2,193.0
110.21788811683655,193.0,110.3,192.0
110.31780791282654,140.0,110.4,191.0
110.41774797439575,129.0,110.5,190.0
110.5178689956665,206.0,110.6,190.0
110.6179449558258,233.0,110.7,190.0
110.71791815757751,184.0,110.8,190.0
110.81790518760681,136.0,110.9,190.0
110.91794896125793,108.0,111.0,190.0
111.01793789863586,110.0,111.1,190.0
111.11762595176697,119.0,111.2,190.0
111.21769595146179,110.0,111.3,190.0
111.31785798072815,110.0,111.4,190.0
111.41767287254333,130.0,111.5,190.0
111.5179488658905,273.0,111.6,190.0
111.61800408363342,227.0,111.7,190.0
111.71769499778748,123.0,111.8,190.0
111.81789898872375,100.0,111.9,190.0
111.9178900718689,93.0,112.0,190.0
112.01797890663147,76.0,112.1,190.0
112.11789798736572,66.0,112.2,190.0
112.21792602539062,66.0,112.3,190.0
112.31794500350952,68.0,112.4,190.0
112.41806697845459,64.0,112.5,190.0
112.51792693138123,49.0,112.6,190.0
112.61795210838318,43.0,112.7,190.0
112.7179319858551,43.0,112.8,190.0
112.81812787055969,38.0,112.9,190.0
112.91766095161438,40.0,113.0,190.0
113.01773810386658,74.0,113.1,190.0
113.11769104003906,93.0,113.2,190.0
113.21771788597107,94.0,113.3,190.0
113.31771206855774,93.0,113.4,190.0
113.41798520088196,96.0,113.5,190.0
113.51766419410706,102.0,113.6,189.0
113.6177031993866,149.0,113.7,188.0
113.71792912483215,146.0,113.8,187.0
113.81788897514343,155.0,113.9,186.0
113.91791605949402,182.0,114.0,185.0
114.0178370475769,165.0,114.1,184.0
114.11788702011108,163.0,114.2,183.0
114.21792912483215,129.0,114.3,182.0
114.31792402267456,106.0,114.4,181.0
114.41765713691711,77.0,114.5,180.0
114.51801419258118,62.0,114.6,179.0
114.61791801452637,47.0,114.7,178.0
114.71788287162781,79.0,114.8,177.0
114.81792187690735,108.0,114.9,176.0
114.9180691242218,149.0,115.0,175.0
115.01788902282715,184.0,115.1,174.0
115.11796402931213,174.0,115.2,173.0
115.21815609931946,125.0,115.3,172.0
115.31793999671936,79.0,115.4,171.0
115.41771507263184,81.0,115.5,170.0
115.51785492897034,81.0,115.6,169.0
115.61783909797668,113.0,115.7,168.0
115.71818089485168,159.0,115.8,167.0
115.81791520118713,125.0,115.9,166.0
115.91789889335632,121.0,116.0,165.0
116.01791501045227,89.0,116.1,164.0
116.11790108680725,81.0,116.2,163.0
116.21805691719055,91.0,116.3,162.0
116.3179190158844,140.0,116.4,161.0
116.4184238910675,178.0,116.5,160.0
116.51809597015381,153.0,116.6,160.0
116.61792588233948,115.0,116.7,160.0
116.71763205528259,87.0,116.8,160.0
116.81792902946472,77.0,116.9,160.0
116.91794204711914,68.0,117.0,160.0
117.01793098449707,70.0,117.1,160.0
117.1179211139679,138.0,117.2,160.0
117.21793818473816,153.0,117.3,160.0
117.3179440498352,117.0,117.4,160.0
117.41794991493225,102.0,117.5,160.0
117.51859211921692,68.0,117.6,160.0
117.61775398254395,40.0,117.7,160.0
117.71795105934143,15.0,117.8,160.0
117.81841206550598,68.0,117.9,160.0
117.91831088066101,110.0,118.0,160.0
118.01786398887634,149.0,118.1,160.0
118.11794304847717,166.0,118.2,160.0
118.21790194511414,132.0,118.3,160.0
118.31790614128113,148.0,118.4,160.0
118.41798520088196,104.0,118.5,160.0
118.51797699928284,43.0,118.6,160.0
118.61789298057556,30.0,118.7,160.0
118.71830105781555,72.0,118.8,160.0
118.8180501461029,129.0,118.9,160.0
118.91786408424377,155.0,119.0,160.0
119.01788592338562,185.0,119.1,160.0
119.11791801452637,210.0,119.2,160.0
119.21790504455566,178.0,119.3,160.0
119.31791806221008,94.0,119.4,160.0
119.4179379940033,68.0,119.5,160.0
119.51716208457947,53.0,119.6,159.0
119.61792707443237,40.0,119.7,158.0
119.71793913841248,32.0,119.8,157.0
119.81826090812683,26.0,119.9,156.0
119.91826510429382,26.0,120.0,155.0
120.01830101013184,41.0,120.1,154.0
120.1187629699707,45.0,120.2,153.0
120.21831488609314,70.0,120.3,152.0
120.3185441493988,94.0,120.4,151.0
120.41831994056702,110.0,120.5,150.0
120.51790404319763,121.0,120.6,149.0
120.61836791038513,119.0,120.7,148.0
120.71823906898499,129.0,120.8,147.0
120.81793808937073,140.0,120.9,146.0
120.91831302642822,140.0,121.0,145.0
121.01822400093079,178.0,121.1,144.0
121.11791586875916,125.0,121.2,143.0
121.21795010566711,83.0,121.3,142.0
121.31789302825928,59.0,121.4,141.0
121.41813397407532,43.0,121.5,140.0
121.51831793785095,51.0,121.6,139.0
121.61820197105408,66.0,121.7,138.0
121.71788501739502,138.0,121.8,137.0
121.81787705421448,142.0,121.9,136.0
121.91822099685669,155.0,122.0,135.0
122.01821899414062,219.0,122.1,134.0
122.1182758808136,125.0,122.2,133.0
122.21819186210632,64.0,122.3,132.0
122.31821203231812,49.0,122.4,131.0
122.41863894462585,41.0,122.5,130.0
122.51829886436462,34.0,122.6,130.0
122.61823105812073,15.0,122.7,130.0
122.71877884864807,15.0,122.8,130.0
122.81821513175964,13.0,122.9,130.0
122.91824316978455,19.0,123.0,130.0
123.0182831287384,23.0,123.1,130.0
123.11826801300049,26.0,123.2,130.0
123.21824502944946,28.0,123.3,130.0
123.31821417808533,74.0,123.4,130.0
123.41791415214539,125.0,123.5,130.0
123.5181770324707,115.0,123.6,130.0
123.61832308769226,91.0,123.7,130.0
123.71854901313782,85.0,123.8,130.0
123.81830191612244,74.0,123.9,130.0
123.9182059764862,64.0,124.0,130.0
124.01831889152527,53.0,124.1,130.0
124.11827111244202,134.0,124.2,130.0
124.21826910972595,112.0,124.3,130.0
124.31816601753235,146.0,124.4,130.0
124.41785788536072,102.0,124.5,130.0
124.51815485954285,81.0,124.6,130.0
124.61822485923767,66.0,124.7,130.0
124.71818804740906,59.0,124.8,130.0
124.81822514533997,66.0,124.9,130.0
124.91820001602173,66.0,125.0,130.0
125.01844906806946,98.0,125.1,130.0
125.11819195747375,140.0,125.2,130.0
125.21820402145386,115.0,125.3,130.0
125.3190860748291,115.0,125.4,130.0
125.41825199127197,134.0,125.5,130.0
125.5183219909668,83.0,125.6,129.0
125.61819911003113,57.0,125.7,128.0
125.71818399429321,60.0,125.8,127.0
125.818204164505,57.0,125.9,126.0
125.9182300567627,66.0,126.0,125.0
126.01832699775696,102.0,126.1,124.0
126.11824107170105,117.0,126.2,123.0
126.21820712089539,110.0,126.3,122.0
126.31822609901428,144.0,126.4,121.0
126.41822791099548,98.0,126.5,120.0
126.5182831287384,59.0,126.6,119.0
126.61818289756775,55.0,126.7,118.0
126.71817398071289,49.0,126.8,117.0
126.81819605827332,66.0,126.9,116.0
126.91821885108948,77.0,127.0,115.0
127.01818799972534,98.0,127.1,114.0
127.11820697784424,87.0,127.2,113.0
127.21909785270691,85.0,127.3,112.0
127.31927704811096,94.0,127.4,111.0
127.41836619377136,83.0,127.5,110.0
127.51817488670349,49.0,127.6,109.0
127.6184389591217,11.0,127.7,108.0
127.7182149887085,4.0,127.8,107.0
127.81823897361755,45.0,127.9,106.0
127.91812109947205,79.0,128.0,105.0
128.018208026886,132.0,128.1,104.0
128.11820816993713,140.0,128.2,103.0
128.21814608573914,153.0,128.3,102.0
128.31822896003723,108.0,128.4,101.0
128.41825699806213,70.0,128.5,100.0
128.51819801330566,43.0,128.6,100.0
128.61839604377747,38.0,128.7,100.0
128.71829199790955,26.0,128.8,100.0
128.8188178539276,28.0,128.9,100.0
128.9186019897461,60.0,129.0,100.0
129.0181849002838,68.0,129.1,100.0
129.1183741092682,47.0,129.2,100.0
129.21821093559265,41.0,129.3,100.0
129.31816005706787,36.0,129.4,100.0
129.41824102401733,72.0,129.5,100.0
129.51817917823792,100.0,129.6,100.0
129.61821103096008,112.0,129.7,100.0
129.7181751728058,110.0,129.8,100.0
129.81881999969482,94.0,129.9,100.0
129.9184811115265,62.0,130.0,100.0
130.01879286766052,32.0,131.0,100.0
130.1181480884552,26.0,,
130.21825504302979,11.0,,
130.31886100769043,2.0,,
130.4189100265503,0.0,,
130.51823496818542,2.0,,
130.61815905570984,2.0,,
130.71889519691467,0.0,,
130.81895089149475,0.0,,
130.91870498657227,17.0,,
131.0181839466095,28.0,,
